,CTYNAME,age_grp,N0,V0_1,V0_2,V0_3,V0_4,S0_1,S0_2,S0_3,S0_4,R0,theta_1,theta_2,theta_3,theta_4
1,Anderson,0_4,3009,2943,2492,2932,2935,66,517,77,74,0,1,1,1,1
2,Anderson,20,45233,44245,37460,44073,44082,988,7773,1160,1151,0,0,0,0,0
3,Anderson,5_19,9494,7527,6373,7497,7503,1967,3121,1997,1991,0,0,0,0,0
4,Andrews,0_4,1473,1454,1233,1435,1437,19,240,38,36,0,1,1,1,1
5,Andrews,20,12344,12183,10331,12027,12030,161,2013,317,314,0,0,0,0,0
6,Andrews,5_19,4847,3958,3357,3908,3911,889,1490,939,936,0,0,0,0,0
7,Angelina,0_4,5759,5623,4759,5611,5618,136,1000,148,141,0,3,3,3,3
8,Angelina,20,63009,61524,52072,61393,61406,1485,10937,1616,1603,0,0,0,0,0
9,Angelina,5_19,18551,14608,12365,14577,14587,3943,6186,3974,3964,0,0,0,0,0
10,Aransas,0_4,1123,1104,936,1094,1095,19,187,29,28,0,1,1,1,1
11,Aransas,20,20392,20050,16991,19869,19872,342,3401,523,520,0,0,0,0,0
12,Aransas,5_19,3859,3096,2624,3069,3072,763,1235,790,787,0,0,0,0,0
13,Archer,0_4,468,458,388,456,457,10,80,12,11,0,0,0,0,0
14,Archer,20,6800,6659,5639,6626,6627,141,1161,174,173,0,0,0,0,0
15,Archer,5_19,1761,1427,1209,1420,1421,334,552,341,340,0,0,0,0,0
16,Armstrong,0_4,109,105,89,106,106,4,20,3,3,0,0,0,0,0
17,Armstrong,20,1386,1337,1130,1350,1351,49,256,36,35,0,0,0,0,0
18,Armstrong,5_19,337,270,228,273,273,67,109,64,64,0,0,0,0,0
19,Atascosa,0_4,3433,3398,2883,3345,3349,35,550,88,84,0,2,2,2,2
20,Atascosa,20,36572,36204,30718,35634,35641,368,5854,938,931,0,0,0,0,0
21,Atascosa,5_19,11779,9461,8027,9314,9321,2318,3752,2465,2458,0,0,0,0,0
22,Austin,0_4,1827,1777,1503,1780,1782,50,324,47,45,0,1,1,1,1
23,Austin,20,23518,22875,19347,22915,22919,643,4171,603,599,0,0,0,0,0
24,Austin,5_19,6332,5051,4273,5060,5063,1281,2059,1272,1269,0,0,0,0,0
25,Bailey,0_4,559,553,469,545,545,6,90,14,14,0,0,0,0,0
26,Bailey,20,4469,4421,3750,4354,4355,48,719,115,114,0,0,0,0,0
27,Bailey,5_19,1644,1289,1094,1270,1271,355,550,374,373,0,0,0,0,0
28,Bandera,0_4,897,865,731,874,875,32,166,23,22,0,1,0,1,1
29,Bandera,20,18458,17808,15039,17985,17987,650,3419,473,471,0,0,0,0,0
30,Bandera,5_19,3282,2596,2192,2623,2625,686,1090,659,657,0,0,0,0,0
31,Bastrop,0_4,7173,6976,5900,6989,6997,197,1273,184,176,0,4,3,4,4
32,Bastrop,20,79116,76946,65078,77087,77103,2170,14038,2029,2013,0,0,0,0,0
33,Bastrop,5_19,24489,19270,16298,19314,19327,5219,8191,5175,5162,0,0,0,0,0
34,Baylor,0_4,198,194,165,193,193,4,33,5,5,0,0,0,0,0
35,Baylor,20,2620,2570,2177,2553,2553,50,443,67,67,0,0,0,0,0
36,Baylor,5_19,645,519,440,515,516,126,205,130,129,0,0,0,0,0
37,Bee,0_4,1571,1556,1320,1531,1532,15,251,40,39,0,1,1,1,1
38,Bee,20,23735,23506,19946,23126,23132,229,3789,609,603,0,0,0,0,0
39,Bee,5_19,5544,4228,3588,4161,4164,1316,1956,1383,1380,0,0,0,0,0
40,Bell,0_4,30378,29708,25151,29599,29632,670,5227,779,746,0,16,14,16,16
41,Bell,20,274490,268437,227264,267450,267518,6053,47226,7040,6972,0,0,0,0,0
42,Bell,5_19,88325,70410,59609,70151,70215,17915,28716,18174,18110,0,0,0,0,0
43,Bexar,0_4,132764,130246,110331,129359,129503,2518,22433,3405,3261,0,69,58,68,69
44,Bexar,20,1516551,1487787,1260304,1477653,1478001,28764,256247,38898,38550,0,0,0,0,0
45,Bexar,5_19,438364,341881,289621,339578,339852,96483,148743,98786,98512,0,0,0,0,0
46,Blanco,0_4,495,457,383,482,483,38,112,13,12,0,0,0,0,0
47,Blanco,20,10666,9854,8254,10392,10394,812,2412,274,272,0,0,0,0,0
48,Blanco,5_19,1887,1389,1164,1464,1465,498,723,423,422,0,0,0,0,0
49,Borden,0_4,24,23,20,23,23,1,4,1,1,0,0,0,0,0
50,Borden,20,440,424,358,429,429,16,82,11,11,0,0,0,0,0
51,Borden,5_19,108,81,68,82,82,27,40,26,26,0,0,0,0,0
52,Bosque,0_4,924,895,756,900,901,29,168,24,23,0,1,0,1,1
53,Bosque,20,14703,14240,12035,14326,14328,463,2668,377,375,0,0,0,0,0
54,Bosque,5_19,3369,2686,2271,2700,2702,683,1098,669,667,0,0,0,0,0
55,Bowie,0_4,5420,5267,4454,5281,5287,153,966,139,133,0,3,2,3,3
56,Bowie,20,67813,65893,55721,66074,66088,1920,12092,1739,1725,0,0,0,0,0
57,Bowie,5_19,18454,14599,12346,14641,14653,3855,6108,3813,3801,0,0,0,0,0
58,Brazoria,0_4,24868,24361,20631,24230,24257,507,4237,638,611,0,13,11,13,13
59,Brazoria,20,287751,281883,238721,280370,280424,5868,49030,7381,7327,0,0,0,0,0
60,Brazoria,5_19,86319,69274,58671,68929,68976,17045,27648,17390,17343,0,0,0,0,0
61,Brazos,0_4,13372,13149,11143,13029,13044,223,2229,343,328,0,7,6,7,7
62,Brazos,20,176429,173483,147018,171904,171982,2946,29411,4525,4447,0,0,0,0,0
63,Brazos,5_19,54902,32742,27748,32447,32474,22160,27154,22455,22428,0,0,0,0,0
64,Brewster,0_4,431,410,345,420,420,21,86,11,11,0,0,0,0,0
65,Brewster,20,7462,7092,5973,7271,7272,370,1489,191,190,0,0,0,0,0
66,Brewster,5_19,1620,1017,857,1041,1042,603,763,579,578,0,0,0,0,0
67,Briscoe,0_4,78,74,62,76,76,4,16,2,2,0,0,0,0,0
68,Briscoe,20,1101,1045,880,1073,1073,56,221,28,28,0,0,0,0,0
69,Briscoe,5_19,266,212,178,217,217,54,88,49,49,0,0,0,0,0
70,Brooks,0_4,453,450,382,441,442,3,71,12,11,0,0,0,0,0
71,Brooks,20,4930,4899,4160,4804,4805,31,770,126,125,0,0,0,0,0
72,Brooks,5_19,1465,1175,998,1153,1154,290,467,312,311,0,0,0,0,0
73,Brown,0_4,2126,2068,1749,2071,2074,58,377,55,52,0,1,1,1,1
74,Brown,20,29749,28942,24479,28986,28992,807,5270,763,757,0,0,0,0,0
75,Brown,5_19,6834,5167,4371,5172,5175,1667,2463,1662,1659,0,0,0,0,0
76,Burleson,0_4,1116,1107,939,1087,1089,9,177,29,27,0,1,0,1,1
77,Burleson,20,14748,14625,12413,14370,14372,123,2335,378,376,0,0,0,0,0
78,Burleson,5_19,3611,2974,2524,2922,2925,637,1087,689,686,0,0,0,0,0
79,Burnet,0_4,2722,2589,2181,2652,2655,133,541,70,67,0,1,1,1,1
80,Burnet,20,42017,39969,33666,40939,40947,2048,8351,1078,1070,0,0,0,0,0
81,Burnet,5_19,9252,7140,6015,7312,7317,2112,3237,1940,1935,0,0,0,0,0
82,Caldwell,0_4,3104,3034,2569,3024,3028,70,535,80,76,0,2,1,2,2
83,Caldwell,20,36880,36052,30520,35934,35942,828,6360,946,938,0,0,0,0,0
84,Caldwell,5_19,9875,7519,6365,7497,7502,2356,3510,2378,2373,0,0,0,0,0
85,Calhoun,0_4,1187,1177,999,1157,1158,10,188,30,29,0,1,1,1,1
86,Calhoun,20,14702,14576,12370,14325,14328,126,2332,377,374,0,0,0,0,0
87,Calhoun,5_19,3807,3023,2566,2973,2975,784,1241,834,832,0,0,0,0,0
88,Callahan,0_4,738,712,601,719,720,26,137,19,18,0,0,0,0,0
89,Callahan,20,10964,10574,8929,10683,10685,390,2035,281,279,0,0,0,0,0
90,Callahan,5_19,2672,2126,1796,2148,2150,546,876,524,522,0,0,0,0,0
91,Cameron,0_4,29717,29536,25078,28955,28987,181,4639,762,730,0,16,14,15,15
92,Cameron,20,292565,290780,246896,285061,285135,1785,45669,7504,7430,0,0,0,0,0
93,Cameron,5_19,104428,82788,70296,81199,81259,21640,34132,23229,23169,0,0,0,0,0
94,Camp,0_4,964,952,808,939,940,12,156,25,24,0,1,0,1,1
95,Camp,20,9166,9055,7680,8931,8933,111,1486,235,233,0,0,0,0,0
96,Camp,5_19,2870,2308,1957,2276,2278,562,913,594,592,0,0,0,0,0
97,Carson,0_4,295,281,236,287,288,14,59,8,7,0,0,0,0,0
98,Carson,20,4371,4159,3503,4259,4260,212,868,112,111,0,0,0,0,0
99,Carson,5_19,1212,940,792,962,963,272,420,250,249,0,0,0,0,0
100,Cass,0_4,1671,1624,1374,1628,1630,47,297,43,41,0,1,1,1,1
101,Cass,20,21511,20909,17683,20959,20963,602,3828,552,548,0,0,0,0,0
102,Cass,5_19,5477,4378,3703,4390,4393,1099,1774,1087,1084,0,0,0,0,0
103,Castro,0_4,567,561,476,552,553,6,91,15,14,0,0,0,0,0
104,Castro,20,4894,4841,4107,4768,4770,53,787,126,124,0,0,0,0,0
105,Castro,5_19,1766,1414,1200,1394,1395,352,566,372,371,0,0,0,0,0
106,Chambers,0_4,3579,3471,2934,3487,3491,108,645,92,88,0,2,1,2,2
107,Chambers,20,37561,36428,30793,36598,36605,1133,6768,963,956,0,0,0,0,0
108,Chambers,5_19,12736,10172,8600,10220,10228,2564,4136,2516,2508,0,0,0,0,0
109,Cherokee,0_4,3500,3466,2941,3410,3414,34,559,90,86,0,2,2,2,2
110,Cherokee,20,37815,37445,31773,36845,36853,370,6042,970,962,0,0,0,0,0
111,Cherokee,5_19,10902,8848,7508,8708,8715,2054,3394,2194,2187,0,0,0,0,0
112,Childress,0_4,314,303,256,306,306,11,58,8,8,0,0,0,0,0
113,Childress,20,5329,5145,4345,5192,5194,184,984,137,135,0,0,0,0,0
114,Childress,5_19,1145,868,734,874,875,277,411,271,270,0,0,0,0,0
115,Clay,0_4,541,528,447,527,528,13,94,14,13,0,0,0,0,0
116,Clay,20,8322,8118,6870,8109,8110,204,1452,213,212,0,0,0,0,0
117,Clay,5_19,1875,1491,1262,1488,1489,384,613,387,386,0,0,0,0,0
118,Cochran,0_4,212,204,173,207,207,8,39,5,5,0,0,0,0,0
119,Cochran,20,1763,1700,1436,1718,1718,63,327,45,45,0,0,0,0,0
120,Cochran,5_19,534,418,353,422,422,116,181,112,112,0,0,0,0,0
121,Coke,0_4,177,167,141,172,173,10,36,5,4,0,0,0,0,0
122,Coke,20,2579,2438,2051,2513,2513,141,528,66,66,0,0,0,0,0
123,Coke,5_19,596,485,408,501,501,111,188,95,95,0,0,0,0,0
124,Coleman,0_4,427,413,349,416,417,14,78,11,10,0,0,0,0,0
125,Coleman,20,6038,5847,4941,5883,5884,191,1097,155,154,0,0,0,0,0
126,Coleman,5_19,1377,1090,922,1096,1097,287,455,281,280,0,0,0,0,0
127,Collin,0_4,68206,65244,55013,66457,66530,2962,13193,1749,1676,0,35,29,35,35
128,Collin,20,870997,833167,702517,848657,848812,37830,168480,22340,22185,0,0,0,0,0
129,Collin,5_19,256156,196222,165471,199910,200049,59934,90685,56246,56107,0,0,0,0,0
130,Collingsworth,0_4,167,160,135,163,163,7,32,4,4,0,0,0,0,0
131,Collingsworth,20,1835,1757,1481,1788,1788,78,354,47,47,0,0,0,0,0
132,Collingsworth,5_19,561,439,371,446,446,122,190,115,115,0,0,0,0,0
133,Colorado,0_4,1380,1361,1154,1345,1346,19,226,35,34,0,1,1,1,1
134,Colorado,20,15666,15447,13098,15264,15267,219,2568,402,399,0,0,0,0,0
135,Colorado,5_19,4071,3344,2836,3305,3307,727,1235,766,764,0,0,0,0,0
136,Comal,0_4,10135,9706,8186,9875,9886,429,1949,260,249,0,5,4,5,5
137,Comal,20,146926,140710,118671,143157,143182,6216,28255,3769,3744,0,0,0,0,0
138,Comal,5_19,36867,28884,24363,29382,29404,7983,12504,7485,7463,0,0,0,0,0
139,Comanche,0_4,850,835,707,828,829,15,143,22,21,0,0,0,0,0
140,Comanche,20,10568,10380,8795,10297,10299,188,1773,271,269,0,0,0,0,0
141,Comanche,5_19,2632,2078,1761,2064,2065,554,871,568,567,0,0,0,0,0
142,Concho,0_4,118,117,99,115,115,1,19,3,3,0,0,0,0,0
143,Concho,20,2812,2791,2369,2740,2740,21,443,72,72,0,0,0,0,0
144,Concho,5_19,367,251,214,247,247,116,153,120,120,0,0,0,0,0
145,Cooke,0_4,2679,2595,2193,2610,2613,84,486,69,66,0,1,1,1,1
146,Cooke,20,32482,31459,26587,31649,31655,1023,5895,833,827,0,0,0,0,0
147,Cooke,5_19,8621,6746,5701,6787,6793,1875,2920,1834,1828,0,0,0,0,0
148,Coryell,0_4,5354,5201,4398,5217,5222,153,956,137,132,0,3,2,3,3
149,Coryell,20,63817,61994,52421,62180,62199,1823,11396,1637,1618,0,0,0,0,0
150,Coryell,5_19,15707,12453,10530,12486,12499,3254,5177,3221,3208,0,0,0,0,0
151,Cottle,0_4,52,51,43,51,51,1,9,1,1,0,0,0,0,0
152,Cottle,20,1016,995,843,990,990,21,173,26,26,0,0,0,0,0
153,Cottle,5_19,226,164,139,163,163,62,87,63,63,0,0,0,0,0
154,Crockett,0_4,200,199,169,195,195,1,31,5,5,0,0,0,0,0
155,Crockett,20,2048,2036,1729,1995,1996,12,319,53,52,0,0,0,0,0
156,Crockett,5_19,610,494,419,485,485,116,191,125,125,0,0,0,0,0
157,Crosby,0_4,300,295,250,292,293,5,50,8,7,0,0,0,0,0
158,Crosby,20,3502,3446,2921,3412,3413,56,581,90,89,0,0,0,0,0
159,Crosby,5_19,1115,862,731,854,855,253,384,261,260,0,0,0,0,0
160,Culberson,0_4,144,143,121,140,140,1,23,4,4,0,0,0,0,0
161,Culberson,20,1628,1613,1368,1586,1587,15,260,42,41,0,0,0,0,0
162,Culberson,5_19,424,312,265,306,307,112,159,118,117,0,0,0,0,0
163,Dallam,0_4,819,797,674,798,799,22,145,21,20,0,0,0,0,0
164,Dallam,20,4550,4426,3744,4433,4434,124,806,117,116,0,0,0,0,0
165,Dallam,5_19,1868,1512,1279,1514,1516,356,589,354,352,0,0,0,0,0
166,Dallas,0_4,175055,171602,145344,170565,170755,3453,29711,4490,4300,0,92,77,92,92
167,Dallas,20,1892367,1855040,1571185,1843829,1844273,37327,321182,48538,48094,0,0,0,0,0
168,Dallas,5_19,538936,424676,359710,422154,422481,114260,179226,116782,116455,0,0,0,0,0
169,Dawson,0_4,876,835,704,854,854,41,172,22,22,0,0,0,0,0
170,Dawson,20,8719,8313,7005,8495,8498,406,1714,224,221,0,0,0,0,0
171,Dawson,5_19,2409,1865,1572,1903,1904,544,837,506,505,0,0,0,0,0
172,DeWitt,0_4,1117,1101,934,1088,1090,16,183,29,27,0,1,0,1,1
173,DeWitt,20,14933,14720,12480,14550,14553,213,2453,383,380,0,0,0,0,0
174,DeWitt,5_19,3879,3146,2667,3111,3113,733,1212,768,766,0,0,0,0,0
175,Deaf Smith,0_4,1635,1630,1385,1593,1595,5,250,42,40,0,1,1,1,1
176,Deaf Smith,20,12047,12009,10202,11738,11741,38,1845,309,306,0,0,0,0,0
177,Deaf Smith,5_19,4665,3766,3199,3682,3685,899,1466,983,980,0,0,0,0,0
178,Delta,0_4,365,358,303,356,356,7,62,9,9,0,0,0,0,0
179,Delta,20,4077,4000,3388,3972,3973,77,689,105,104,0,0,0,0,0
180,Delta,5_19,1078,891,755,884,885,187,323,194,193,0,0,0,0,0
181,Denton,0_4,57654,54465,45817,56175,56238,3189,11837,1479,1416,0,29,25,30,30
182,Denton,20,750373,708865,596309,731126,731271,41508,154064,19247,19102,0,0,0,0,0
183,Denton,5_19,199676,151075,127092,155889,156001,48601,72584,43787,43675,0,0,0,0,0
184,Dickens,0_4,88,86,73,86,86,2,15,2,2,0,0,0,0,0
185,Dickens,20,1353,1327,1124,1318,1319,26,229,35,34,0,0,0,0,0
186,Dickens,5_19,270,198,168,198,198,72,102,72,72,0,0,0,0,0
187,Dimmit,0_4,624,623,529,608,609,1,95,16,15,0,0,0,0,0
188,Dimmit,20,5620,5609,4766,5476,5477,11,854,144,143,0,0,0,0,0
189,Dimmit,5_19,2013,1583,1346,1547,1548,430,667,466,465,0,0,0,0,0
190,Donley,0_4,158,154,130,154,154,4,28,4,4,0,0,0,0,0
191,Donley,20,2375,2312,1955,2314,2315,63,420,61,60,0,0,0,0,0
192,Donley,5_19,681,427,362,428,428,254,319,253,253,0,0,0,0,0
193,Duval,0_4,664,658,559,647,648,6,105,17,16,0,0,0,0,0
194,Duval,20,6848,6790,5763,6672,6674,58,1085,176,174,0,0,0,0,0
195,Duval,5_19,2092,1639,1391,1611,1612,453,701,481,480,0,0,0,0,0
196,Eastland,0_4,1058,1023,865,1031,1032,35,193,27,26,0,1,0,1,1
197,Eastland,20,13477,13036,11014,13131,13134,441,2463,346,343,0,0,0,0,0
198,Eastland,5_19,3502,2469,2086,2485,2487,1033,1416,1017,1015,0,0,0,0,0
199,Ector,0_4,14192,13912,11783,13828,13843,280,2409,364,349,0,7,6,8,8
200,Ector,20,109505,107342,90917,106696,106722,2163,18588,2809,2783,0,0,0,0,0
201,Ector,5_19,40797,32827,27804,32630,32659,7970,12993,8167,8138,0,0,0,0,0
202,Edwards,0_4,84,82,70,82,82,2,14,2,2,0,0,0,0,0
203,Edwards,20,1068,1044,884,1041,1041,24,184,27,27,0,0,0,0,0
204,Edwards,5_19,241,190,161,189,189,51,80,52,52,0,0,0,0,0
205,El Paso,0_4,55654,54833,46485,54227,54287,821,9169,1427,1367,0,29,25,28,28
206,El Paso,20,620788,611626,518508,604865,605020,9162,102280,15923,15768,0,0,0,0,0
207,El Paso,5_19,193438,152316,129129,150674,150794,41122,64309,42764,42644,0,0,0,0,0
208,Ellis,0_4,14372,13894,11738,14003,14019,478,2634,369,353,0,8,6,8,8
209,Ellis,20,158310,153041,129294,154249,154280,5269,29016,4061,4030,0,0,0,0,0
210,Ellis,5_19,50147,39323,33227,39632,39660,10824,16920,10515,10487,0,0,0,0,0
211,Erath,0_4,2365,2302,1947,2304,2307,63,418,61,58,0,1,1,1,1
212,Erath,20,31864,31017,26238,31047,31057,847,5626,817,807,0,0,0,0,0
213,Erath,5_19,9966,6066,5132,6071,6075,3900,4834,3895,3891,0,0,0,0,0
214,Falls,0_4,974,957,810,949,950,17,164,25,24,0,1,0,1,1
215,Falls,20,13246,13008,11022,12906,12909,238,2224,340,337,0,0,0,0,0
216,Falls,5_19,3066,2481,2102,2462,2464,585,964,604,602,0,0,0,0,0
217,Fannin,0_4,1911,1843,1557,1862,1864,68,354,49,47,0,1,1,1,1
218,Fannin,20,28770,27751,23435,28032,28038,1019,5335,738,732,0,0,0,0,0
219,Fannin,5_19,6890,5326,4499,5379,5382,1564,2391,1511,1508,0,0,0,0,0
220,Fayette,0_4,1295,1278,1084,1262,1263,17,211,33,32,0,1,1,1,1
221,Fayette,20,19782,19523,16555,19275,19278,259,3227,507,504,0,0,0,0,0
222,Fayette,5_19,4397,3520,2986,3477,3480,877,1411,920,917,0,0,0,0,0
223,Fisher,0_4,157,155,131,153,153,2,26,4,4,0,0,0,0,0
224,Fisher,20,2753,2716,2303,2682,2683,37,450,71,70,0,0,0,0,0
225,Fisher,5_19,702,505,429,499,499,197,273,203,203,0,0,0,0,0
226,Floyd,0_4,297,292,248,289,290,5,49,8,7,0,0,0,0,0
227,Floyd,20,3645,3589,3043,3552,3552,56,602,93,93,0,0,0,0,0
228,Floyd,5_19,1148,911,772,901,902,237,376,247,246,0,0,0,0,0
229,Foard,0_4,49,47,40,48,48,2,9,1,1,0,0,0,0,0
230,Foard,20,829,801,677,808,808,28,152,21,21,0,0,0,0,0
231,Foard,5_19,201,156,132,158,158,45,69,43,43,0,0,0,0,0
232,Fort Bend,0_4,53674,52933,44882,52297,52355,741,8792,1377,1319,0,27,23,26,26
233,Fort Bend,20,651667,642674,544924,634952,635065,8993,106743,16715,16602,0,0,0,0,0
234,Fort Bend,5_19,211437,171212,145183,169228,169344,40225,66254,42209,42093,0,0,0,0,0
235,Franklin,0_4,592,581,492,577,577,11,100,15,15,0,0,0,0,0
236,Franklin,20,8159,8005,6781,7950,7951,154,1378,209,208,0,0,0,0,0
237,Franklin,5_19,1984,1558,1320,1548,1549,426,664,436,435,0,0,0,0,0
238,Freestone,0_4,1136,1096,925,1107,1108,40,211,29,28,0,1,1,1,1
239,Freestone,20,15402,14857,12546,15007,15010,545,2856,395,392,0,0,0,0,0
240,Freestone,5_19,3903,3100,2618,3130,3133,803,1285,773,770,0,0,0,0,0
241,Frio,0_4,1150,1144,971,1121,1122,6,179,29,28,0,1,1,1,1
242,Frio,20,12832,12762,10837,12503,12507,70,1995,329,325,0,0,0,0,0
243,Frio,5_19,4005,3125,2654,3066,3067,880,1351,939,938,0,0,0,0,0
244,Gaines,0_4,2341,1988,1636,2281,2283,353,705,60,58,0,1,1,1,1
245,Gaines,20,13682,11616,9564,13331,13334,2066,4118,351,348,0,0,0,0,0
246,Gaines,5_19,6500,4536,3735,5201,5206,1964,2765,1299,1294,0,0,0,0,0
247,Galveston,0_4,20512,19958,16881,19986,20008,554,3631,526,504,0,11,9,11,11
248,Galveston,20,268226,260979,220746,261346,261397,7247,47480,6880,6829,0,0,0,0,0
249,Galveston,5_19,73006,57432,48583,57530,57569,15574,24423,15476,15437,0,0,0,0,0
250,Garza,0_4,219,214,181,213,214,5,38,6,5,0,0,0,0,0
251,Garza,20,3487,3410,2887,3398,3398,77,600,89,89,0,0,0,0,0
252,Garza,5_19,811,634,537,632,632,177,274,179,179,0,0,0,0,0
253,Gillespie,0_4,1303,1239,1044,1270,1271,64,259,33,32,0,1,1,1,1
254,Gillespie,20,21865,20795,17515,21304,21308,1070,4350,561,557,0,0,0,0,0
255,Gillespie,5_19,4565,3519,2965,3607,3609,1046,1600,958,956,0,0,0,0,0
256,Glasscock,0_4,82,79,66,80,80,3,16,2,2,0,0,0,0,0
257,Glasscock,20,827,794,670,806,806,33,157,21,21,0,0,0,0,0
258,Glasscock,5_19,232,181,153,183,184,51,79,49,48,0,0,0,0,0
259,Goliad,0_4,327,319,270,319,319,8,57,8,8,0,0,0,0,0
260,Goliad,20,5607,5467,4626,5463,5464,140,981,144,143,0,0,0,0,0
261,Goliad,5_19,1210,964,816,963,964,246,394,247,246,0,0,0,0,0
262,Gonzales,0_4,1434,1415,1200,1397,1399,19,234,37,35,0,1,1,1,1
263,Gonzales,20,14128,13939,11820,13766,13769,189,2308,362,359,0,0,0,0,0
264,Gonzales,5_19,4368,3461,2935,3419,3421,907,1433,949,947,0,0,0,0,0
265,Gray,0_4,1247,1218,1031,1215,1216,29,216,32,31,0,1,1,1,1
266,Gray,20,15135,14778,12508,14747,14750,357,2627,388,385,0,0,0,0,0
267,Gray,5_19,4534,3611,3057,3601,3604,923,1477,933,930,0,0,0,0,0
268,Grayson,0_4,9186,8886,7508,8950,8960,300,1678,236,226,0,5,4,5,5
269,Grayson,20,107923,104398,88209,105155,105176,3525,19714,2768,2747,0,0,0,0,0
270,Grayson,5_19,29798,23328,19712,23497,23515,6470,10086,6301,6283,0,0,0,0,0
271,Gregg,0_4,8459,8257,6988,8242,8251,202,1471,217,208,0,5,4,5,5
272,Gregg,20,90168,88012,74487,87855,87876,2156,15681,2313,2292,0,0,0,0,0
273,Gregg,5_19,27616,21582,18267,21545,21560,6034,9349,6071,6056,0,0,0,0,0
274,Grimes,0_4,2000,1948,1648,1949,1951,52,352,51,49,0,1,1,1,1
275,Grimes,20,24295,23663,20019,23672,23677,632,4276,623,618,0,0,0,0,0
276,Grimes,5_19,6089,4833,4089,4835,4839,1256,2000,1254,1250,0,0,0,0,0
277,Guadalupe,0_4,10511,10301,8724,10241,10253,210,1787,270,258,0,5,5,5,5
278,Guadalupe,20,138950,136171,115329,135386,135412,2779,23621,3564,3538,0,0,0,0,0
279,Guadalupe,5_19,38993,30798,26086,30637,30658,8195,12907,8356,8335,0,0,0,0,0
280,Hale,0_4,2029,2009,1705,1977,1979,20,324,52,50,0,1,1,1,1
281,Hale,20,22478,22260,18888,21901,21907,218,3590,577,571,0,0,0,0,0
282,Hale,5_19,7254,5652,4796,5567,5569,1602,2458,1687,1685,0,0,0,0,0
283,Hall,0_4,141,134,112,137,138,7,29,4,3,0,0,0,0,0
284,Hall,20,2141,2028,1707,2086,2087,113,434,55,54,0,0,0,0,0
285,Hall,5_19,536,398,335,407,407,138,201,129,129,0,0,0,0,0
286,Hamilton,0_4,431,422,357,420,420,9,74,11,11,0,0,0,0,0
287,Hamilton,20,6592,6455,5466,6423,6424,137,1126,169,168,0,0,0,0,0
288,Hamilton,5_19,1596,1302,1103,1296,1297,294,493,300,299,0,0,0,0,0
289,Hansford,0_4,357,350,296,348,348,7,61,9,9,0,0,0,0,0
290,Hansford,20,3440,3373,2857,3352,3353,67,583,88,87,0,0,0,0,0
291,Hansford,5_19,1274,988,837,983,983,286,437,291,291,0,0,0,0,0
292,Hardeman,0_4,213,210,178,208,208,3,35,5,5,0,0,0,0,0
293,Hardeman,20,2614,2571,2179,2547,2547,43,435,67,67,0,0,0,0,0
294,Hardeman,5_19,663,510,432,507,507,153,231,156,156,0,0,0,0,0
295,Hardin,0_4,3600,3475,2935,3508,3512,125,665,92,88,0,2,1,2,2
296,Hardin,20,42463,40988,34619,41374,41382,1475,7844,1089,1081,0,0,0,0,0
297,Hardin,5_19,12198,9777,8259,9867,9874,2421,3939,2331,2324,0,0,0,0,0
298,Harris,0_4,323835,317779,269204,315529,315880,6056,54631,8306,7955,0,168,141,167,168
299,Harris,20,3468544,3403682,2883401,3379578,3380337,64862,585143,88966,88207,0,0,0,0,0
300,Harris,5_19,1042746,828031,701498,822245,822891,214715,341248,220501,219855,0,0,0,0,0
301,Harrison,0_4,4110,4021,3404,4005,4009,89,706,105,101,0,2,2,2,2
302,Harrison,20,51666,50546,42796,50341,50352,1120,8870,1325,1314,0,0,0,0,0
303,Harrison,5_19,15119,11606,9828,11558,11565,3513,5291,3561,3554,0,0,0,0,0
304,Hartley,0_4,330,316,267,322,322,14,63,8,8,0,0,0,0,0
305,Hartley,20,3904,3742,3156,3804,3805,162,748,100,99,0,0,0,0,0
306,Hartley,5_19,911,714,603,725,726,197,308,186,185,0,0,0,0,0
307,Haskell,0_4,249,242,205,243,243,7,44,6,6,0,0,0,0,0
308,Haskell,20,4300,4181,3536,4190,4191,119,764,110,109,0,0,0,0,0
309,Haskell,5_19,836,651,551,652,652,185,285,184,184,0,0,0,0,0
310,Hays,0_4,16031,15488,13084,15620,15637,543,2947,411,394,0,8,7,8,8
311,Hays,20,208132,201088,169869,202794,202851,7044,38263,5338,5281,0,0,0,0,0
312,Hays,5_19,56323,40937,34582,41292,41325,15386,21741,15031,14998,0,0,0,0,0
313,Hemphill,0_4,182,177,150,177,178,5,32,5,4,0,0,0,0,0
314,Hemphill,20,2234,2171,1836,2177,2177,63,398,57,57,0,0,0,0,0
315,Hemphill,5_19,773,589,498,592,592,184,275,181,181,0,0,0,0,0
316,Henderson,0_4,4825,4673,3949,4701,4706,152,876,124,119,0,3,2,3,3
317,Henderson,20,65765,63694,53830,64078,64091,2071,11935,1687,1674,0,0,0,0,0
318,Henderson,5_19,15568,12192,10306,12265,12273,3376,5262,3303,3295,0,0,0,0,0
319,Hidalgo,0_4,68354,67780,57527,66601,66675,574,10827,1753,1679,0,36,30,35,35
320,Hidalgo,20,594630,589635,500441,579378,579534,4995,94189,15252,15096,0,0,0,0,0
321,Hidalgo,5_19,235487,188084,159640,184859,185004,47403,75847,50628,50483,0,0,0,0,0
322,Hill,0_4,2199,2132,1803,2143,2145,67,396,56,54,0,1,1,1,1
323,Hill,20,28411,27551,23289,27682,27688,860,5122,729,723,0,0,0,0,0
324,Hill,5_19,7491,5902,4991,5927,5931,1589,2500,1564,1560,0,0,0,0,0
325,Hockley,0_4,1458,1428,1209,1421,1422,30,249,37,36,0,1,1,1,1
326,Hockley,20,15120,14805,12537,14732,14735,315,2583,388,385,0,0,0,0,0
327,Hockley,5_19,4882,3790,3210,3771,3774,1092,1672,1111,1108,0,0,0,0,0
328,Hood,0_4,3343,3189,2687,3257,3261,154,656,86,82,0,2,1,2,2
329,Hood,20,52736,50305,42395,51383,51393,2431,10341,1353,1343,0,0,0,0,0
330,Hood,5_19,11695,9152,7714,9345,9352,2543,3981,2350,2343,0,0,0,0,0
331,Hopkins,0_4,2375,2325,1969,2314,2317,50,406,61,58,0,1,1,1,1
332,Hopkins,20,28059,27471,23262,27339,27345,588,4797,720,714,0,0,0,0,0
333,Hopkins,5_19,7738,6176,5231,6147,6152,1562,2507,1591,1586,0,0,0,0,0
334,Houston,0_4,1200,1161,981,1169,1171,39,219,31,29,0,1,1,1,1
335,Houston,20,17127,16572,14002,16688,16691,555,3125,439,436,0,0,0,0,0
336,Houston,5_19,3739,2963,2504,2981,2984,776,1235,758,755,0,0,0,0,0
337,Howard,0_4,1786,1755,1487,1740,1742,31,299,46,44,0,1,1,1,1
338,Howard,20,22696,22304,18900,22114,22118,392,3796,582,578,0,0,0,0,0
339,Howard,5_19,6072,4737,4014,4696,4700,1335,2058,1376,1372,0,0,0,0,0
340,Hudspeth,0_4,107,106,90,104,104,1,17,3,3,0,0,0,0,0
341,Hudspeth,20,2957,2920,2476,2881,2882,37,481,76,75,0,0,0,0,0
342,Hudspeth,5_19,387,258,219,254,255,129,168,133,132,0,0,0,0,0
343,Hunt,0_4,7283,7103,6011,7096,7104,180,1272,187,179,0,4,3,4,4
344,Hunt,20,81965,79945,67650,79863,79881,2020,14315,2102,2084,0,0,0,0,0
345,Hunt,5_19,24099,18646,15779,18627,18641,5453,8320,5472,5458,0,0,0,0,0
346,Hutchinson,0_4,1142,1109,937,1113,1114,33,205,29,28,0,1,0,1,1
347,Hutchinson,20,14571,14145,11960,14197,14200,426,2611,374,371,0,0,0,0,0
348,Hutchinson,5_19,4320,3371,2850,3383,3386,949,1470,937,934,0,0,0,0,0
349,Irion,0_4,95,92,78,93,93,3,17,2,2,0,0,0,0,0
350,Irion,20,1159,1119,946,1129,1129,40,213,30,30,0,0,0,0,0
351,Irion,5_19,295,238,201,240,240,57,94,55,55,0,0,0,0,0
352,Jack,0_4,450,438,371,438,439,12,79,12,11,0,0,0,0,0
353,Jack,20,6706,6532,5526,6534,6535,174,1180,172,171,0,0,0,0,0
354,Jack,5_19,1719,1363,1154,1363,1364,356,565,356,355,0,0,0,0,0
355,Jackson,0_4,1114,1101,934,1085,1087,13,180,29,27,0,1,1,1,1
356,Jackson,20,10954,10828,9184,10673,10675,126,1770,281,279,0,0,0,0,0
357,Jackson,5_19,3153,2525,2142,2491,2493,628,1011,662,660,0,0,0,0,0
358,Jasper,0_4,1908,1818,1532,1859,1861,90,376,49,47,0,1,1,1,1
359,Jasper,20,24329,23187,19538,23705,23710,1142,4791,624,619,0,0,0,0,0
360,Jasper,5_19,6457,5020,4232,5127,5131,1437,2225,1330,1326,0,0,0,0,0
361,Jeff Davis,0_4,31,30,25,30,30,1,6,1,1,0,0,0,0,0
362,Jeff Davis,20,1757,1678,1415,1712,1712,79,342,45,45,0,0,0,0,0
363,Jeff Davis,5_19,68,54,46,56,56,14,22,12,12,0,0,0,0,0
364,Jefferson,0_4,16250,15950,13513,15833,15851,300,2737,417,399,0,8,7,8,8
365,Jefferson,20,183865,180474,152894,179149,179188,3391,30971,4716,4677,0,0,0,0,0
366,Jefferson,5_19,51381,41352,35033,41052,41086,10029,16348,10329,10295,0,0,0,0,0
367,Jim Hogg,0_4,311,304,257,303,303,7,54,8,8,0,0,0,0,0
368,Jim Hogg,20,3202,3126,2646,3120,3121,76,556,82,81,0,0,0,0,0
369,Jim Hogg,5_19,1207,933,790,931,931,274,417,276,276,0,0,0,0,0
370,Jim Wells,0_4,2535,2503,2122,2470,2473,32,413,65,62,0,1,1,1,1
371,Jim Wells,20,27145,26799,22728,26449,26455,346,4417,696,690,0,0,0,0,0
372,Jim Wells,5_19,8982,7211,6116,7120,7125,1771,2866,1862,1857,0,0,0,0,0
373,Johnson,0_4,12855,12363,10435,12525,12539,492,2420,330,316,0,7,6,7,7
374,Johnson,20,145711,140138,118281,141974,142002,5573,27430,3737,3709,0,0,0,0,0
375,Johnson,5_19,44340,34720,29308,35175,35201,9620,15032,9165,9139,0,0,0,0,0
376,Jones,0_4,813,801,679,792,793,12,134,21,20,0,0,0,0,0
377,Jones,20,16481,16232,13760,16058,16062,249,2721,423,419,0,0,0,0,0
378,Jones,5_19,3087,2402,2036,2377,2378,685,1051,710,709,0,0,0,0,0
379,Karnes,0_4,758,749,635,739,739,9,123,19,19,0,0,0,0,0
380,Karnes,20,11663,11527,9778,11364,11367,136,1885,299,296,0,0,0,0,0
381,Karnes,5_19,2597,2027,1719,1999,2001,570,878,598,596,0,0,0,0,0
382,Kaufman,0_4,13619,13251,11208,13270,13284,368,2411,349,335,0,7,6,7,7
383,Kaufman,20,127478,124030,104908,124208,124234,3448,22570,3270,3244,0,0,0,0,0
384,Kaufman,5_19,44593,35776,30262,35831,35859,8817,14331,8762,8734,0,0,0,0,0
385,Kendall,0_4,2384,2260,1902,2323,2325,124,482,61,59,0,1,1,1,1
386,Kendall,20,38241,36245,30509,37260,37267,1996,7732,981,974,0,0,0,0,0
387,Kendall,5_19,9912,7570,6375,7779,7783,2342,3537,2133,2129,0,0,0,0,0
388,Kenedy,0_4,10,10,8,10,10,0,2,0,0,0,0,0,0,0
389,Kenedy,20,281,278,236,274,274,3,45,7,7,0,0,0,0,0
390,Kenedy,5_19,52,38,33,38,38,14,19,14,14,0,0,0,0,0
391,Kent,0_4,43,40,34,42,42,3,9,1,1,0,0,0,0,0
392,Kent,20,546,511,430,532,532,35,116,14,14,0,0,0,0,0
393,Kent,5_19,145,94,79,98,98,51,66,47,47,0,0,0,0,0
394,Kerr,0_4,2453,2356,1988,2390,2393,97,465,63,60,0,1,1,1,1
395,Kerr,20,42717,41029,34621,41621,41630,1688,8096,1096,1087,0,0,0,0,0
396,Kerr,5_19,8745,6557,5533,6652,6657,2188,3212,2093,2088,0,0,0,0,0
397,Kimble,0_4,228,224,190,222,222,4,38,6,6,0,0,0,0,0
398,Kimble,20,3546,3481,2949,3455,3456,65,597,91,90,0,0,0,0,0
399,Kimble,5_19,668,529,448,525,526,139,220,143,142,0,0,0,0,0
400,King,0_4,10,9,8,10,10,1,2,0,0,0,0,0,0,0
401,King,20,165,152,127,161,161,13,38,4,4,0,0,0,0,0
402,King,5_19,42,34,28,36,36,8,14,6,6,0,0,0,0,0
403,Kinney,0_4,138,136,115,134,135,2,23,4,3,0,0,0,0,0
404,Kinney,20,2503,2463,2088,2439,2439,40,415,64,64,0,0,0,0,0
405,Kinney,5_19,507,371,315,368,368,136,192,139,139,0,0,0,0,0
406,Kleberg,0_4,1915,1891,1604,1866,1868,24,311,49,47,0,1,1,1,1
407,Kleberg,20,21304,21039,17844,20758,20766,265,3460,546,538,0,0,0,0,0
408,Kleberg,5_19,6850,4810,4080,4747,4751,2040,2770,2103,2099,0,0,0,0,0
409,Knox,0_4,208,205,174,203,203,3,34,5,5,0,0,0,0,0
410,Knox,20,2329,2301,1952,2269,2270,28,377,60,59,0,0,0,0,0
411,Knox,5_19,765,633,537,624,625,132,228,141,140,0,0,0,0,0
412,La Salle,0_4,331,330,280,323,323,1,51,8,8,0,0,0,0,0
413,La Salle,20,5124,5108,4340,4993,4994,16,784,131,130,0,0,0,0,0
414,La Salle,5_19,1082,753,639,735,736,329,443,347,346,0,0,0,0,0
415,Lamar,0_4,3413,3346,2834,3325,3329,67,579,88,84,0,2,2,2,2
416,Lamar,20,37336,36604,31003,36378,36386,732,6333,958,950,0,0,0,0,0
417,Lamar,5_19,10378,8323,7050,8273,8280,2055,3328,2105,2098,0,0,0,0,0
418,Lamb,0_4,816,808,685,795,796,8,131,21,20,0,0,0,0,0
419,Lamb,20,8906,8816,7481,8678,8679,90,1425,228,227,0,0,0,0,0
420,Lamb,5_19,2989,2391,2029,2355,2356,598,960,634,633,0,0,0,0,0
421,Lampasas,0_4,1120,1068,900,1091,1092,52,220,29,28,0,1,0,1,1
422,Lampasas,20,17849,17012,14335,17391,17394,837,3514,458,455,0,0,0,0,0
423,Lampasas,5_19,4293,3323,2800,3400,3402,970,1493,893,891,0,0,0,0,0
424,Lavaca,0_4,1252,1220,1032,1220,1221,32,220,32,31,0,1,1,1,1
425,Lavaca,20,15278,14889,12597,14886,14889,389,2681,392,389,0,0,0,0,0
426,Lavaca,5_19,4041,3177,2689,3175,3177,864,1352,866,864,0,0,0,0,0
427,Lee,0_4,1015,995,843,989,990,20,172,26,25,0,1,0,1,1
428,Lee,20,13953,13680,11587,13595,13598,273,2366,358,355,0,0,0,0,0
429,Lee,5_19,3272,2502,2120,2488,2490,770,1152,784,782,0,0,0,0,0
430,Leon,0_4,957,937,794,932,933,20,163,25,24,0,0,0,0,0
431,Leon,20,12388,12134,10276,12070,12072,254,2112,318,316,0,0,0,0,0
432,Leon,5_19,3193,2576,2182,2562,2564,617,1011,631,629,0,0,0,0,0
433,Liberty,0_4,8129,8003,6783,7920,7929,126,1346,209,200,0,4,3,4,4
434,Liberty,20,72416,71291,60429,70559,70575,1125,11987,1857,1841,0,0,0,0,0
435,Liberty,5_19,27727,22640,19192,22412,22430,5087,8535,5315,5297,0,0,0,0,0
436,Limestone,0_4,1255,1236,1048,1223,1224,19,207,32,31,0,1,1,1,1
437,Limestone,20,16747,16493,13981,16317,16321,254,2766,430,426,0,0,0,0,0
438,Limestone,5_19,4248,3410,2891,3373,3376,838,1357,875,872,0,0,0,0,0
439,Lipscomb,0_4,173,168,142,169,169,5,31,4,4,0,0,0,0,0
440,Lipscomb,20,2099,2038,1723,2045,2046,61,376,54,53,0,0,0,0,0
441,Lipscomb,5_19,634,489,414,490,490,145,220,144,144,0,0,0,0,0
442,Live Oak,0_4,541,533,452,527,528,8,89,14,13,0,0,0,0,0
443,Live Oak,20,9198,9070,7691,8962,8964,128,1507,236,234,0,0,0,0,0
444,Live Oak,5_19,1845,1495,1268,1478,1479,350,577,367,366,0,0,0,0,0
445,Llano,0_4,984,949,802,959,960,35,182,25,24,0,1,0,1,1
446,Llano,20,18992,18321,15472,18505,18508,671,3520,487,484,0,0,0,0,0
447,Llano,5_19,2899,2269,1916,2291,2293,630,983,608,606,0,0,0,0,0
448,Lubbock,0_4,19829,19324,16349,19320,19342,505,3480,509,487,0,10,9,11,11
449,Lubbock,20,232217,226297,191465,226261,226335,5920,40752,5956,5882,0,0,0,0,0
450,Lubbock,5_19,68894,49525,41906,49519,49557,19369,26988,19375,19337,0,0,0,0,0
451,Lynn,0_4,381,367,310,371,372,14,71,10,9,0,0,0,0,0
452,Lynn,20,4011,3860,3259,3908,3909,151,752,103,102,0,0,0,0,0
453,Lynn,5_19,1369,1100,929,1113,1114,269,440,256,255,0,0,0,0,0
454,Madison,0_4,920,912,774,896,897,8,146,24,23,0,1,0,0,0
455,Madison,20,10314,10222,8675,10049,10052,92,1639,265,262,0,0,0,0,0
456,Madison,5_19,2508,1964,1667,1933,1934,544,841,575,574,0,0,0,0,0
457,Marion,0_4,411,406,344,400,401,5,67,11,10,0,0,0,0,0
458,Marion,20,7667,7576,6426,7470,7472,91,1241,197,195,0,0,0,0,0
459,Marion,5_19,1493,1194,1013,1178,1178,299,480,315,315,0,0,0,0,0
460,Martin,0_4,350,337,284,341,341,13,66,9,9,0,0,0,0,0
461,Martin,20,3423,3293,2780,3335,3336,130,643,88,87,0,0,0,0,0
462,Martin,5_19,1443,1158,978,1176,1176,285,465,267,267,0,0,0,0,0
463,Mason,0_4,165,158,133,161,161,7,32,4,4,0,0,0,0,0
464,Mason,20,3113,2974,2507,3033,3034,139,606,80,79,0,0,0,0,0
465,Mason,5_19,653,490,413,500,500,163,240,153,153,0,0,0,0,0
466,Matagorda,0_4,2636,2593,2198,2568,2571,43,438,68,65,0,2,1,2,2
467,Matagorda,20,26018,25597,21694,25351,25356,421,4324,667,662,0,0,0,0,0
468,Matagorda,5_19,7705,6221,5273,6162,6167,1484,2432,1543,1538,0,0,0,0,0
469,Maverick,0_4,4886,4859,4127,4761,4766,27,759,125,120,0,3,2,3,3
470,Maverick,20,38090,37883,32170,37113,37123,207,5920,977,967,0,0,0,0,0
471,Maverick,5_19,14786,11867,10077,11621,11632,2919,4709,3165,3154,0,0,0,0,0
472,McCulloch,0_4,362,350,296,353,353,12,66,9,9,0,0,0,0,0
473,McCulloch,20,5740,5554,4693,5593,5594,186,1047,147,146,0,0,0,0,0
474,McCulloch,5_19,1350,1069,904,1077,1077,281,446,273,273,0,0,0,0,0
475,McLennan,0_4,17117,16777,14210,16678,16697,340,2907,439,420,0,9,8,9,9
476,McLennan,20,193354,189516,160513,188395,188450,3838,32841,4959,4904,0,0,0,0,0
477,McLennan,5_19,58112,42404,35916,42159,42193,15708,22196,15953,15919,0,0,0,0,0
478,McMullen,0_4,27,26,22,26,26,1,5,1,1,0,0,0,0,0
479,McMullen,20,428,413,349,417,417,15,79,11,11,0,0,0,0,0
480,McMullen,5_19,113,74,63,75,75,39,50,38,38,0,0,0,0,0
481,Medina,0_4,3043,2993,2536,2965,2968,50,507,78,75,0,2,1,2,2
482,Medina,20,40955,40276,34133,39905,39913,679,6822,1050,1042,0,0,0,0,0
483,Medina,5_19,10799,8389,7110,8313,8320,2410,3689,2486,2479,0,0,0,0,0
484,Menard,0_4,84,83,70,82,82,1,14,2,2,0,0,0,0,0
485,Menard,20,1555,1537,1304,1515,1515,18,251,40,40,0,0,0,0,0
486,Menard,5_19,319,254,215,250,250,65,104,69,69,0,0,0,0,0
487,Midland,0_4,14732,14420,12210,14354,14370,312,2522,378,362,0,8,7,8,8
488,Midland,20,120913,118350,100213,117812,117839,2563,20700,3101,3074,0,0,0,0,0
489,Midland,5_19,41463,33920,28720,33761,33796,7543,12743,7702,7667,0,0,0,0,0
490,Milam,0_4,1468,1437,1217,1430,1432,31,251,38,36,0,1,1,1,1
491,Milam,20,19439,19026,16110,18940,18944,413,3329,499,495,0,0,0,0,0
492,Milam,5_19,5044,3973,3365,3957,3959,1071,1679,1087,1085,0,0,0,0,0
493,Mills,0_4,203,198,167,198,198,5,36,5,5,0,0,0,0,0
494,Mills,20,3538,3442,2912,3447,3448,96,626,91,90,0,0,0,0,0
495,Mills,5_19,807,640,541,641,641,167,266,166,166,0,0,0,0,0
496,Mitchell,0_4,409,403,341,399,399,6,68,10,10,0,0,0,0,0
497,Mitchell,20,7045,6937,5880,6864,6866,108,1165,181,179,0,0,0,0,0
498,Mitchell,5_19,1621,1275,1080,1262,1263,346,541,359,358,0,0,0,0,0
499,Montague,0_4,1150,1076,903,1121,1122,74,247,29,28,0,1,0,1,1
500,Montague,20,16258,15210,12771,15841,15844,1048,3487,417,414,0,0,0,0,0
501,Montague,5_19,4190,3237,2720,3364,3366,953,1470,826,824,0,0,0,0,0
502,Montgomery,0_4,44855,43266,36538,43705,43753,1589,8317,1150,1102,0,23,20,23,23
503,Montgomery,20,510814,492723,416101,497712,497809,18091,94713,13102,13005,0,0,0,0,0
504,Montgomery,5_19,155685,123120,103985,124377,124468,32565,51700,31308,31217,0,0,0,0,0
505,Moore,0_4,1964,1944,1650,1914,1916,20,314,50,48,0,1,1,1,1
506,Moore,20,13861,13721,11642,13505,13509,140,2219,356,352,0,0,0,0,0
507,Moore,5_19,5365,4348,3689,4280,4284,1017,1676,1085,1081,0,0,0,0,0
508,Morris,0_4,640,632,536,624,624,8,104,16,16,0,0,0,0,0
509,Morris,20,9059,8942,7583,8827,8828,117,1476,232,231,0,0,0,0,0
510,Morris,5_19,2367,1907,1618,1883,1884,460,749,484,483,0,0,0,0,0
511,Motley,0_4,54,51,43,53,53,3,11,1,1,0,0,0,0,0
512,Motley,20,798,760,640,778,778,38,158,20,20,0,0,0,0,0
513,Motley,5_19,168,119,101,122,122,49,67,46,46,0,0,0,0,0
514,Nacogdoches,0_4,4145,4070,3448,4039,4043,75,697,106,102,0,2,2,2,2
515,Nacogdoches,20,46381,45543,38586,45191,45207,838,7795,1190,1174,0,0,0,0,0
516,Nacogdoches,5_19,14849,10111,8567,10035,10042,4738,6282,4814,4807,0,0,0,0,0
517,Navarro,0_4,3720,3662,3104,3625,3629,58,616,95,91,0,2,2,2,2
518,Navarro,20,38994,38382,32533,37994,38002,612,6461,1000,992,0,0,0,0,0
519,Navarro,5_19,12921,10134,8590,10032,10041,2787,4331,2889,2880,0,0,0,0,0
520,Newton,0_4,591,564,475,576,576,27,116,15,15,0,0,0,0,0
521,Newton,20,9444,9011,7594,9202,9203,433,1850,242,241,0,0,0,0,0
522,Newton,5_19,2004,1565,1320,1595,1595,439,684,409,409,0,0,0,0,0
523,Nolan,0_4,889,874,741,866,867,15,148,23,22,0,0,0,0,0
524,Nolan,20,10327,10151,8602,10062,10064,176,1725,265,263,0,0,0,0,0
525,Nolan,5_19,3090,2412,2044,2391,2393,678,1046,699,697,0,0,0,0,0
526,Nueces,0_4,21586,21268,18030,21032,21056,318,3556,554,530,0,12,10,11,11
527,Nueces,20,259391,255565,216656,252738,252796,3826,42735,6653,6595,0,0,0,0,0
528,Nueces,5_19,71312,55787,47296,55186,55228,15525,24016,16126,16084,0,0,0,0,0
529,Ochiltree,0_4,746,732,620,727,728,14,126,19,18,0,0,0,0,0
530,Ochiltree,20,6461,6339,5370,6295,6297,122,1091,166,164,0,0,0,0,0
531,Ochiltree,5_19,2497,1943,1645,1930,1932,554,852,567,565,0,0,0,0,0
532,Oldham,0_4,82,77,65,80,80,5,17,2,2,0,0,0,0,0
533,Oldham,20,1371,1291,1086,1336,1336,80,285,35,35,0,0,0,0,0
534,Oldham,5_19,330,257,217,267,267,73,113,63,63,0,0,0,0,0
535,Orange,0_4,5556,5317,4484,5413,5420,239,1072,143,136,0,3,2,3,3
536,Orange,20,61899,59236,49951,60311,60323,2663,11948,1588,1576,0,0,0,0,0
537,Orange,5_19,18267,14513,12240,14773,14785,3754,6027,3494,3482,0,0,0,0,0
538,Palo Pinto,0_4,1780,1725,1458,1734,1736,55,322,46,44,0,1,1,1,1
539,Palo Pinto,20,22206,21515,18184,21636,21641,691,4022,570,565,0,0,0,0,0
540,Palo Pinto,5_19,5761,4566,3859,4592,4595,1195,1902,1169,1166,0,0,0,0,0
541,Panola,0_4,1329,1294,1095,1295,1296,35,234,34,33,0,1,1,1,1
542,Panola,20,16955,16511,13968,16520,16523,444,2987,435,432,0,0,0,0,0
543,Panola,5_19,4554,3535,2991,3536,3539,1019,1563,1018,1015,0,0,0,0,0
544,Parker,0_4,10164,9681,8156,9903,9914,483,2008,261,250,0,5,4,5,5
545,Parker,20,127166,121117,102042,123904,123926,6049,25124,3262,3240,0,0,0,0,0
546,Parker,5_19,36164,28467,23987,29117,29139,7697,12177,7047,7025,0,0,0,0,0
547,Parmer,0_4,697,684,579,679,680,13,118,18,17,0,0,0,0,0
548,Parmer,20,6660,6535,5536,6489,6491,125,1124,171,169,0,0,0,0,0
549,Parmer,5_19,2260,1790,1516,1778,1779,470,744,482,481,0,0,0,0,0
550,Pecos,0_4,920,891,753,896,897,29,167,24,23,0,0,0,1,1
551,Pecos,20,10624,10285,8691,10352,10354,339,1933,272,270,0,0,0,0,0
552,Pecos,5_19,3079,2423,2049,2435,2436,656,1030,644,643,0,0,0,0,0
553,Polk,0_4,2734,2686,2276,2664,2667,48,458,70,67,0,1,1,1,1
554,Polk,20,42092,41357,35043,41012,41019,735,7049,1080,1073,0,0,0,0,0
555,Polk,5_19,9360,7603,6443,7539,7545,1757,2917,1821,1815,0,0,0,0,0
556,Potter,0_4,7874,7716,6535,7672,7681,158,1339,202,193,0,4,4,4,4
557,Potter,20,81177,79551,67374,79095,79113,1626,13803,2082,2064,0,0,0,0,0
558,Potter,5_19,25596,20474,17341,20362,20378,5122,8255,5234,5218,0,0,0,0,0
559,Presidio,0_4,403,398,337,393,393,5,66,10,10,0,0,0,0,0
560,Presidio,20,4060,4005,3396,3956,3957,55,664,104,103,0,0,0,0,0
561,Presidio,5_19,1332,1064,903,1050,1051,268,429,282,281,0,0,0,0,0
562,Rains,0_4,626,595,501,610,611,31,125,16,15,0,0,0,0,0
563,Rains,20,10184,9676,8148,9923,9924,508,2036,261,260,0,0,0,0,0
564,Rains,5_19,2176,1559,1313,1599,1600,617,863,577,576,0,0,0,0,0
565,Randall,0_4,8875,8567,7235,8647,8657,308,1640,228,218,0,5,4,5,5
566,Randall,20,108664,104889,88589,105877,105900,3775,20075,2787,2764,0,0,0,0,0
567,Randall,5_19,30716,23288,19671,23513,23529,7428,11045,7203,7187,0,0,0,0,0
568,Reagan,0_4,235,234,199,229,229,1,36,6,6,0,0,0,0,0
569,Reagan,20,2166,2161,1836,2110,2111,5,330,56,55,0,0,0,0,0
570,Reagan,5_19,740,599,509,585,585,141,231,155,155,0,0,0,0,0
571,Red River,0_4,632,616,521,616,616,16,111,16,16,0,0,0,0,0
572,Red River,20,9070,8841,7481,8837,8839,229,1589,233,231,0,0,0,0,0
573,Red River,5_19,1976,1611,1364,1609,1610,365,612,367,366,0,0,0,0,0
574,Reeves,0_4,874,862,731,852,853,12,143,22,21,0,0,0,0,0
575,Reeves,20,8186,8071,6843,7976,7978,115,1343,210,208,0,0,0,0,0
576,Reeves,5_19,2710,2188,1855,2163,2165,522,855,547,545,0,0,0,0,0
577,Refugio,0_4,290,282,238,283,283,8,52,7,7,0,0,0,0,0
578,Refugio,20,5035,4891,4136,4906,4907,144,899,129,128,0,0,0,0,0
579,Refugio,5_19,1341,1043,882,1046,1047,298,459,295,294,0,0,0,0,0
580,Roberts,0_4,54,54,46,53,53,0,8,1,1,0,0,0,0,0
581,Roberts,20,617,617,524,601,601,0,93,16,16,0,0,0,0,0
582,Roberts,5_19,169,139,118,136,136,30,51,33,33,0,0,0,0,0
583,Robertson,0_4,1099,1085,921,1071,1072,14,178,28,27,0,1,0,1,1
584,Robertson,20,12743,12585,10674,12416,12418,158,2069,327,325,0,0,0,0,0
585,Robertson,5_19,3425,2766,2346,2729,2732,659,1079,696,693,0,0,0,0,0
586,Rockwall,0_4,7887,7518,6335,7685,7693,369,1552,202,194,0,4,3,4,4
587,Rockwall,20,93340,88969,74968,90946,90962,4371,18372,2394,2378,0,0,0,0,0
588,Rockwall,5_19,30080,23539,19840,24053,24069,6541,10240,6027,6011,0,0,0,0,0
589,Runnels,0_4,604,592,501,589,589,12,103,15,15,0,0,0,0,0
590,Runnels,20,7314,7169,6072,7126,7128,145,1242,188,186,0,0,0,0,0
591,Runnels,5_19,1950,1558,1320,1549,1550,392,630,401,400,0,0,0,0,0
592,Rusk,0_4,2818,2753,2330,2746,2749,65,488,72,69,0,1,1,1,1
593,Rusk,20,39866,38946,32967,38843,38852,920,6899,1023,1014,0,0,0,0,0
594,Rusk,5_19,10395,8270,7002,8244,8249,2125,3393,2151,2146,0,0,0,0,0
595,Sabine,0_4,530,514,434,516,517,16,96,14,13,0,0,0,0,0
596,Sabine,20,8123,7877,6659,7915,7916,246,1464,208,207,0,0,0,0,0
597,Sabine,5_19,1453,1141,965,1147,1147,312,488,306,306,0,0,0,0,0
598,San Augustine,0_4,415,402,339,404,405,13,76,11,10,0,0,0,0,0
599,San Augustine,20,6099,5904,4989,5943,5944,195,1110,156,155,0,0,0,0,0
600,San Augustine,5_19,1319,1061,897,1069,1069,258,422,250,250,0,0,0,0,0
601,San Jacinto,0_4,1491,1455,1231,1453,1454,36,260,38,37,0,1,1,1,1
602,San Jacinto,20,22161,21626,18302,21593,21597,535,3859,568,564,0,0,0,0,0
603,San Jacinto,5_19,5284,4189,3545,4183,4186,1095,1739,1101,1098,0,0,0,0,0
604,San Patricio,0_4,4640,4577,3881,4521,4526,63,759,119,114,0,2,2,2,2
605,San Patricio,20,50652,49964,42366,49353,49363,688,8286,1299,1289,0,0,0,0,0
606,San Patricio,5_19,15368,12256,10393,12109,12119,3112,4975,3259,3249,0,0,0,0,0
607,San Saba,0_4,263,257,217,256,257,6,46,7,6,0,0,0,0,0
608,San Saba,20,4607,4495,3804,4489,4490,112,803,118,117,0,0,0,0,0
609,San Saba,5_19,975,765,647,764,765,210,328,211,210,0,0,0,0,0
610,Schleicher,0_4,152,152,129,148,148,0,23,4,4,0,0,0,0,0
611,Schleicher,20,1753,1753,1490,1708,1708,0,263,45,45,0,0,0,0,0
612,Schleicher,5_19,486,353,300,345,345,133,186,141,141,0,0,0,0,0
613,Scurry,0_4,1033,1023,868,1007,1008,10,165,26,25,0,1,0,1,1
614,Scurry,20,11489,11373,9650,11194,11197,116,1839,295,292,0,0,0,0,0
615,Scurry,5_19,3690,2893,2455,2848,2850,797,1235,842,840,0,0,0,0,0
616,Shackelford,0_4,177,166,139,172,173,11,38,5,4,0,0,0,0,0
617,Shackelford,20,2407,2251,1890,2345,2346,156,517,62,61,0,0,0,0,0
618,Shackelford,5_19,645,475,399,495,495,170,246,150,150,0,0,0,0,0
619,Shelby,0_4,1709,1675,1418,1665,1667,34,291,44,42,0,1,1,1,1
620,Shelby,20,17212,16865,14283,16771,16774,347,2929,441,438,0,0,0,0,0
621,Shelby,5_19,5258,4204,3561,4180,4183,1054,1697,1078,1075,0,0,0,0,0
622,Sherman,0_4,194,189,160,189,189,5,34,5,5,0,0,0,0,0
623,Sherman,20,1872,1824,1543,1824,1824,48,329,48,48,0,0,0,0,0
624,Sherman,5_19,612,474,402,474,475,138,210,138,137,0,0,0,0,0
625,Smith,0_4,15134,14633,12363,14746,14762,501,2771,388,372,0,8,7,8,8
626,Smith,20,179320,173385,146487,174721,174760,5935,32833,4599,4560,0,0,0,0,0
627,Smith,5_19,50755,38980,32934,39279,39311,11775,17821,11476,11444,0,0,0,0,0
628,Somervell,0_4,506,483,407,493,494,23,99,13,12,0,0,0,0,0
629,Somervell,20,7552,7209,6077,7358,7360,343,1475,194,192,0,0,0,0,0
630,Somervell,5_19,1830,1428,1204,1457,1458,402,626,373,372,0,0,0,0,0
631,Starr,0_4,5542,5522,4690,5400,5406,20,852,142,136,0,3,2,3,3
632,Starr,20,42464,42308,35939,41375,41386,156,6525,1089,1078,0,0,0,0,0
633,Starr,5_19,17928,14566,12373,14242,14256,3362,5555,3686,3672,0,0,0,0,0
634,Stephens,0_4,475,452,381,463,463,23,94,12,12,0,0,0,0,0
635,Stephens,20,7153,6804,5731,6970,6971,349,1422,183,182,0,0,0,0,0
636,Stephens,5_19,1715,1255,1058,1284,1285,460,657,431,430,0,0,0,0,0
637,Sterling,0_4,136,129,108,133,133,7,28,3,3,0,0,0,0,0
638,Sterling,20,939,888,747,915,915,51,192,24,24,0,0,0,0,0
639,Sterling,5_19,322,241,202,249,249,81,120,73,73,0,0,0,0,0
640,Sutton,0_4,179,175,148,174,175,4,31,5,4,0,0,0,0,0
641,Sutton,20,2369,2314,1959,2308,2309,55,410,61,60,0,0,0,0,0
642,Sutton,5_19,673,534,452,532,532,139,221,141,141,0,0,0,0,0
643,Swisher,0_4,398,390,331,388,388,8,67,10,10,0,0,0,0,0
644,Swisher,20,5101,5002,4237,4970,4971,99,864,131,130,0,0,0,0,0
645,Swisher,5_19,1456,1131,959,1124,1124,325,497,332,332,0,0,0,0,0
646,Tarrant,0_4,138082,133543,112830,134540,134690,4539,25252,3542,3392,0,69,58,71,72
647,Tarrant,20,1575654,1523854,1287506,1535240,1535581,51800,288148,40414,40073,0,0,0,0,0
648,Tarrant,5_19,469211,364067,307645,366761,367021,105144,161566,102450,102190,0,0,0,0,0
649,Taylor,0_4,9827,9629,8155,9575,9586,198,1672,252,241,0,5,4,5,5
650,Taylor,20,105265,103143,87353,102565,102596,2122,17912,2700,2669,0,0,0,0,0
651,Taylor,5_19,31744,23620,20004,23488,23509,8124,11740,8256,8235,0,0,0,0,0
652,Terrell,0_4,26,26,22,25,25,0,4,1,1,0,0,0,0,0
653,Terrell,20,540,540,459,526,526,0,81,14,14,0,0,0,0,0
654,Terrell,5_19,121,97,82,95,95,24,39,26,26,0,0,0,0,0
655,Terry,0_4,892,871,737,869,870,21,155,23,22,0,1,0,1,1
656,Terry,20,7921,7730,6542,7718,7720,191,1379,203,201,0,0,0,0,0
657,Terry,5_19,2734,2170,1837,2167,2169,564,897,567,565,0,0,0,0,0
658,Throckmorton,0_4,102,95,80,99,99,7,22,3,3,0,0,0,0,0
659,Throckmorton,20,1125,1046,878,1096,1096,79,247,29,29,0,0,0,0,0
660,Throckmorton,5_19,299,227,191,235,235,72,108,64,64,0,0,0,0,0
661,Titus,0_4,2236,2204,1869,2179,2181,32,367,57,55,0,1,1,1,1
662,Titus,20,21700,21392,18137,21143,21148,308,3563,557,552,0,0,0,0,0
663,Titus,5_19,7421,5933,5030,5865,5869,1488,2391,1556,1552,0,0,0,0,0
664,Tom Green,0_4,7381,7263,6156,7192,7200,118,1225,189,181,0,4,3,4,4
665,Tom Green,20,87245,85856,72769,85007,85028,1389,14476,2238,2217,0,0,0,0,0
666,Tom Green,5_19,24431,18847,15974,18665,18679,5584,8457,5766,5752,0,0,0,0,0
667,Travis,0_4,73426,70699,59685,71543,71622,2727,13741,1883,1804,0,38,31,40,40
668,Travis,20,1038063,999508,843798,1011437,1011663,38555,194265,26626,26400,0,0,0,0,0
669,Travis,5_19,223472,168091,141914,170106,170240,55381,81558,53366,53232,0,0,0,0,0
670,Trinity,0_4,702,682,577,684,685,20,125,18,17,0,0,0,0,0
671,Trinity,20,11123,10806,9137,10838,10840,317,1986,285,283,0,0,0,0,0
672,Trinity,5_19,2403,1887,1596,1892,1893,516,807,511,510,0,0,0,0,0
673,Tyler,0_4,974,938,792,949,950,36,182,25,24,0,1,0,1,1
674,Tyler,20,16033,15441,13036,15622,15625,592,2997,411,408,0,0,0,0,0
675,Tyler,5_19,3375,2623,2216,2651,2652,752,1159,724,723,0,0,0,0,0
676,Upshur,0_4,2534,2441,2061,2469,2472,93,473,65,62,0,1,1,1,1
677,Upshur,20,32032,30861,26056,31210,31216,1171,5976,822,816,0,0,0,0,0
678,Upshur,5_19,8715,6852,5786,6930,6934,1863,2929,1785,1781,0,0,0,0,0
679,Upton,0_4,162,159,135,158,158,3,27,4,4,0,0,0,0,0
680,Upton,20,2195,2158,1829,2139,2139,37,366,56,56,0,0,0,0,0
681,Upton,5_19,752,584,495,579,580,168,257,173,172,0,0,0,0,0
682,Uvalde,0_4,1921,1890,1602,1872,1874,31,319,49,47,0,1,1,1,1
683,Uvalde,20,17494,17215,14590,17045,17050,279,2904,449,444,0,0,0,0,0
684,Uvalde,5_19,5545,4278,3626,4237,4240,1267,1919,1308,1305,0,0,0,0,0
685,Val Verde,0_4,3803,3767,3196,3705,3710,36,607,98,93,0,2,2,2,2
686,Val Verde,20,32895,32582,27648,32051,32060,313,5247,844,835,0,0,0,0,0
687,Val Verde,5_19,11022,8779,7450,8634,8643,2243,3572,2388,2379,0,0,0,0,0
688,Van Zandt,0_4,3558,3410,2876,3467,3471,148,682,91,87,0,2,1,2,2
689,Van Zandt,20,47936,45937,38747,46706,46715,1999,9189,1230,1221,0,0,0,0,0
690,Van Zandt,5_19,12506,9767,8240,9929,9936,2739,4266,2577,2570,0,0,0,0,0
691,Victoria,0_4,6076,5993,5081,5920,5927,83,995,156,149,0,3,3,3,3
692,Victoria,20,66355,65445,55492,64653,64668,910,10863,1702,1687,0,0,0,0,0
693,Victoria,5_19,19233,15346,13012,15167,15179,3887,6221,4066,4054,0,0,0,0,0
694,Walker,0_4,3266,3154,2665,3182,3186,112,601,84,80,0,2,1,2,2
695,Walker,20,65507,63269,53443,63827,63846,2238,12064,1680,1661,0,0,0,0,0
696,Walker,5_19,12495,7720,6522,7787,7792,4775,5973,4708,4703,0,0,0,0,0
697,Waller,0_4,3924,3856,3267,3823,3828,68,657,101,96,0,2,2,2,2
698,Waller,20,43518,42760,36233,42402,42417,758,7285,1116,1101,0,0,0,0,0
699,Waller,5_19,16111,10124,8579,10040,10048,5987,7532,6071,6063,0,0,0,0,0
700,Ward,0_4,850,832,705,828,829,18,145,22,21,0,0,0,0,0
701,Ward,20,7525,7366,6237,7332,7334,159,1288,193,191,0,0,0,0,0
702,Ward,5_19,2591,2075,1757,2065,2067,516,834,526,524,0,0,0,0,0
703,Washington,0_4,1913,1872,1585,1864,1866,41,328,49,47,0,1,1,1,1
704,Washington,20,27263,26683,22594,26564,26570,580,4669,699,693,0,0,0,0,0
705,Washington,5_19,7831,5297,4486,5275,5279,2534,3345,2556,2552,0,0,0,0,0
706,Webb,0_4,21405,21330,18119,20856,20879,75,3286,549,526,0,12,10,11,11
707,Webb,20,176835,176216,149691,172299,172346,619,27144,4536,4489,0,0,0,0,0
708,Webb,5_19,70908,56806,48255,55556,55602,14102,22653,15352,15306,0,0,0,0,0
709,Wharton,0_4,2851,2823,2396,2778,2781,28,455,73,70,0,2,1,1,1
710,Wharton,20,30008,29715,25214,29238,29245,293,4794,770,763,0,0,0,0,0
711,Wharton,5_19,8880,7034,5969,6922,6928,1846,2911,1958,1952,0,0,0,0,0
712,Wheeler,0_4,273,264,223,266,266,9,50,7,7,0,0,0,0,0
713,Wheeler,20,3483,3373,2851,3394,3394,110,632,89,89,0,0,0,0,0
714,Wheeler,5_19,1048,830,701,837,837,218,347,211,211,0,0,0,0,0
715,Wichita,0_4,8106,7967,6752,7898,7907,139,1354,208,199,0,5,4,4,4
716,Wichita,20,95096,93471,79206,92657,92681,1625,15890,2439,2415,0,0,0,0,0
717,Wichita,5_19,26978,19720,16711,19551,19567,7258,10267,7427,7411,0,0,0,0,0
718,Wilbarger,0_4,754,748,635,735,735,6,119,19,19,0,0,0,0,0
719,Wilbarger,20,9549,9469,8037,9304,9306,80,1512,245,243,0,0,0,0,0
720,Wilbarger,5_19,2219,1677,1423,1648,1649,542,796,571,570,0,0,0,0,0
721,Willacy,0_4,1151,1148,975,1121,1123,3,176,30,28,0,1,1,1,1
722,Willacy,20,14674,14634,12433,14298,14302,40,2241,376,372,0,0,0,0,0
723,Willacy,5_19,4212,3237,2751,3166,3168,975,1461,1046,1044,0,0,0,0,0
724,Williamson,0_4,41800,40014,33744,40728,40773,1786,8056,1072,1027,0,22,19,22,22
725,Williamson,20,516559,494493,417009,503310,503405,22066,99550,13249,13154,0,0,0,0,0
726,Williamson,5_19,138832,109026,91943,110997,111086,29806,46889,27835,27746,0,0,0,0,0
727,Wilson,0_4,2966,2911,2466,2890,2893,55,500,76,73,0,2,1,2,2
728,Wilson,20,40217,39465,33432,39185,39192,752,6785,1032,1025,0,0,0,0,0
729,Wilson,5_19,11000,8835,7485,8777,8783,2165,3515,2223,2217,0,0,0,0,0
730,Winkler,0_4,585,580,492,570,571,5,93,15,14,0,0,0,0,0
731,Winkler,20,5068,5021,4261,4938,4939,47,807,130,129,0,0,0,0,0
732,Winkler,5_19,1761,1404,1192,1381,1382,357,569,380,379,0,0,0,0,0
733,Wise,0_4,4752,4524,3811,4630,4635,228,941,122,117,0,2,2,2,2
734,Wise,20,57108,54369,45803,55643,55654,2739,11305,1465,1454,0,0,0,0,0
735,Wise,5_19,16237,12669,10676,12953,12963,3568,5561,3284,3274,0,0,0,0,0
736,Wood,0_4,2099,2034,1720,2045,2047,65,379,54,52,0,1,1,1,1
737,Wood,20,37895,36728,31044,36923,36930,1167,6851,972,965,0,0,0,0,0
738,Wood,5_19,7927,6059,5122,6090,6093,1868,2805,1837,1834,0,0,0,0,0
739,Yoakum,0_4,665,648,548,648,649,17,117,17,16,0,0,0,0,0
740,Yoakum,20,4766,4644,3930,4644,4645,122,836,122,121,0,0,0,0,0
741,Yoakum,5_19,2037,1594,1349,1593,1594,443,688,444,443,0,0,0,0,0
742,Young,0_4,1067,1042,882,1040,1041,25,185,27,26,0,1,0,1,1
743,Young,20,13376,13066,11059,13033,13036,310,2317,343,340,0,0,0,0,0
744,Young,5_19,3681,2925,2476,2920,2922,756,1205,761,759,0,0,0,0,0
745,Zapata,0_4,971,969,823,946,947,2,148,25,24,0,1,0,1,1
746,Zapata,20,8958,8935,7592,8728,8730,23,1366,230,228,0,0,0,0,0
747,Zapata,5_19,3807,3077,2614,3008,3010,730,1193,799,797,0,0,0,0,0
748,Zavala,0_4,734,733,623,715,716,1,111,19,18,0,0,0,0,0
749,Zavala,20,6263,6257,5317,6102,6104,6,946,161,159,0,0,0,0,0
750,Zavala,5_19,2315,1851,1573,1807,1808,464,742,508,507,0,0,0,0,0
