"","CTYNAME","age_grp","N0","V0_1","V0_2","V0_3","V0_4","V0_5","V0_6","V0_7","S0_1","S0_2","S0_3","S0_4","S0_5","S0_6","S0_7","R0","theta_1","theta_2","theta_3","theta_4","theta_5","theta_6","theta_7"
"1","Anderson","0_4",3009,2943,2492,2932,3009,2793,2642,3009,66,517,77,0,216,367,0,0,1,1,1,2,1,1,2
"2","Anderson","20",45233,44245,37460,44073,45233,41984,39722,45233,988,7773,1160,0,3249,5511,0,0,0,0,0,0,0,0,0
"3","Anderson","5_19",9494,7527,6373,7497,7692,7142,6757,7692,1967,3121,1997,1802,2352,2737,1802,0,0,0,0,0,0,0,0
"4","Andrews","0_4",1473,1454,1233,1435,1473,1380,1306,1473,19,240,38,0,93,167,0,0,1,1,1,1,1,1,1
"5","Andrews","20",12344,12183,10331,12027,12344,11566,10949,12344,161,2013,317,0,778,1395,0,0,0,0,0,0,0,0,0
"6","Andrews","5_19",4847,3958,3357,3908,4011,3758,3557,4011,889,1490,939,836,1089,1290,836,0,0,0,0,0,0,0,0
"7","Angelina","0_4",5759,5623,4759,5611,5759,5335,5047,5759,136,1000,148,0,424,712,0,0,3,3,3,3,3,3,3
"8","Angelina","20",63009,61524,52072,61393,63009,58373,55223,63009,1485,10937,1616,0,4636,7786,0,0,0,0,0,0,0,0,0
"9","Angelina","5_19",18551,14608,12365,14577,14843,13860,13113,14939,3943,6186,3974,3708,4691,5438,3612,0,0,0,0,0,0,0,0
"10","Aransas","0_4",1123,1104,936,1094,1123,1048,992,1123,19,187,29,0,75,131,0,0,1,1,1,1,1,1,1
"11","Aransas","20",20392,20050,16991,19869,20392,19030,18011,20392,342,3401,523,0,1362,2381,0,0,0,0,0,0,0,0,0
"12","Aransas","5_19",3859,3096,2624,3069,3149,2939,2781,3149,763,1235,790,710,920,1078,710,0,0,0,0,0,0,0,0
"13","Archer","0_4",468,458,388,456,468,435,411,468,10,80,12,0,33,57,0,0,0,0,0,0,0,0,0
"14","Archer","20",6800,6659,5639,6626,6800,6319,5979,6800,141,1161,174,0,481,821,0,0,0,0,0,0,0,0,0
"15","Archer","5_19",1761,1427,1209,1420,1449,1355,1282,1456,334,552,341,312,406,479,305,0,0,0,0,0,0,0,0
"16","Armstrong","0_4",109,105,89,106,109,100,94,109,4,20,3,0,9,15,0,0,0,0,0,0,0,0,0
"17","Armstrong","20",1386,1337,1130,1350,1386,1268,1199,1386,49,256,36,0,118,187,0,0,0,0,0,0,0,0,0
"18","Armstrong","5_19",337,270,228,273,278,256,242,278,67,109,64,59,81,95,59,0,0,0,0,0,0,0,0
"19","Atascosa","0_4",3433,3398,2883,3345,3433,3227,3055,3433,35,550,88,0,206,378,0,0,2,2,2,2,2,2,2
"20","Atascosa","20",36572,36204,30718,35634,36572,34375,32546,36572,368,5854,938,0,2197,4026,0,0,0,0,0,0,0,0,0
"21","Atascosa","5_19",11779,9461,8027,9314,9556,8983,8505,9556,2318,3752,2465,2223,2796,3274,2223,0,0,0,0,0,0,0,0
"22","Austin","0_4",1827,1777,1503,1780,1827,1686,1594,1827,50,324,47,0,141,233,0,0,1,1,1,1,1,1,1
"23","Austin","20",23518,22875,19347,22915,23518,21699,20523,23518,643,4171,603,0,1819,2995,0,0,0,0,0,0,0,0,0
"24","Austin","5_19",6332,5051,4273,5060,5172,4792,4532,5184,1281,2059,1272,1160,1540,1800,1148,0,0,0,0,0,0,0,0
"25","Bailey","0_4",559,553,469,545,559,525,497,559,6,90,14,0,34,62,0,0,0,0,0,0,0,0,0
"26","Bailey","20",4469,4421,3750,4354,4469,4197,3974,4469,48,719,115,0,272,495,0,0,0,0,0,0,0,0,0
"27","Bailey","5_19",1644,1289,1094,1270,1303,1224,1159,1303,355,550,374,341,420,485,341,0,0,0,0,0,0,0,0
"28","Bandera","0_4",897,865,731,874,897,821,776,897,32,166,23,0,76,121,0,0,1,0,1,1,1,0,1
"29","Bandera","20",18458,17808,15039,17985,18458,16885,15962,18458,650,3419,473,0,1573,2496,0,0,0,0,0,0,0,0,0
"30","Bandera","5_19",3282,2596,2192,2623,2680,2461,2327,2687,686,1090,659,602,821,955,595,0,0,0,0,0,0,0,0
"31","Bastrop","0_4",7173,6976,5900,6989,7173,6618,6259,7173,197,1273,184,0,555,914,0,0,4,3,4,4,4,3,4
"32","Bastrop","20",79116,76946,65078,77087,79116,72990,69034,79116,2170,14038,2029,0,6126,10082,0,0,0,0,0,0,0,0,0
"33","Bastrop","5_19",24489,19270,16298,19314,19808,18279,17289,19808,5219,8191,5175,4681,6210,7200,4681,0,0,0,0,0,0,0,0
"34","Baylor","0_4",198,194,165,193,198,184,174,198,4,33,5,0,14,24,0,0,0,0,0,0,0,0,0
"35","Baylor","20",2620,2570,2177,2553,2620,2439,2308,2620,50,443,67,0,181,312,0,0,0,0,0,0,0,0,0
"36","Baylor","5_19",645,519,440,515,526,493,466,527,126,205,130,119,152,179,118,0,0,0,0,0,0,0,0
"37","Bee","0_4",1571,1556,1320,1531,1571,1477,1399,1571,15,251,40,0,94,172,0,0,1,1,1,1,1,1,1
"38","Bee","20",23735,23506,19946,23126,23735,22320,21133,23735,229,3789,609,0,1415,2602,0,0,0,0,0,0,0,0,0
"39","Bee","5_19",5544,4228,3588,4161,4268,4015,3801,4268,1316,1956,1383,1276,1529,1743,1276,0,0,0,0,0,0,0,0
"40","Bell","0_4",30378,29708,25151,29599,30378,28189,26670,30378,670,5227,779,0,2189,3708,0,0,16,14,16,17,16,15,17
"41","Bell","20",274490,268437,227264,267450,274490,254713,240988,274490,6053,47226,7040,0,19777,33502,0,0,0,0,0,0,0,0,0
"42","Bell","5_19",88325,70410,59609,70151,72003,66810,63209,72003,17915,28716,18174,16322,21515,25116,16322,0,0,0,0,0,0,0,0
"43","Bexar","0_4",132764,130246,110331,129359,132764,123608,116970,132764,2518,22433,3405,0,9156,15794,0,0,69,58,68,72,65,61,72
"44","Bexar","20",1516551,1487787,1260304,1477653,1516551,1411960,1336132,1516551,28764,256247,38898,0,104591,180419,0,0,0,0,0,0,0,0,0
"45","Bexar","5_19",438364,341881,289621,339578,348236,324461,307041,348236,96483,148743,98786,90128,113903,131323,90128,0,0,0,0,0,0,0,0
"46","Blanco","0_4",495,457,383,482,483,433,408,482,38,112,13,12,62,87,13,0,0,0,0,0,0,0,0
"47","Blanco","20",10666,9854,8254,10392,10394,9320,8787,10387,812,2412,274,272,1346,1879,279,0,0,0,0,0,0,0,0
"48","Blanco","5_19",1887,1389,1164,1464,1472,1314,1239,1457,498,723,423,415,573,648,430,0,0,0,0,0,0,0,0
"49","Borden","0_4",24,23,20,23,24,22,21,24,1,4,1,0,2,3,0,0,0,0,0,0,0,0,0
"50","Borden","20",440,424,358,429,440,402,380,440,16,82,11,0,38,60,0,0,0,0,0,0,0,0,0
"51","Borden","5_19",108,81,68,82,83,77,72,83,27,40,26,25,31,36,25,0,0,0,0,0,0,0,0
"52","Bosque","0_4",924,895,756,900,924,849,803,924,29,168,24,0,75,121,0,0,1,0,1,1,1,0,1
"53","Bosque","20",14703,14240,12035,14326,14703,13505,12770,14703,463,2668,377,0,1198,1933,0,0,0,0,0,0,0,0,0
"54","Bosque","5_19",3369,2686,2271,2700,2742,2548,2409,2754,683,1098,669,627,821,960,615,0,0,0,0,0,0,0,0
"55","Bowie","0_4",5420,5267,4454,5281,5420,4996,4725,5420,153,966,139,0,424,695,0,0,3,2,3,3,3,3,3
"56","Bowie","20",67813,65893,55721,66074,67813,62502,59111,67813,1920,12092,1739,0,5311,8702,0,0,0,0,0,0,0,0,0
"57","Bowie","5_19",18454,14599,12346,14641,15020,13848,13097,15020,3855,6108,3813,3434,4606,5357,3434,0,0,0,0,0,0,0,0
"58","Brazoria","0_4",24868,24361,20631,24230,24868,23118,21874,24868,507,4237,638,0,1750,2994,0,0,13,11,13,14,12,12,14
"59","Brazoria","20",287751,281883,238721,280370,287751,267496,253108,287751,5868,49030,7381,0,20255,34643,0,0,0,0,0,0,0,0,0
"60","Brazoria","5_19",86319,69274,58671,68929,70687,65740,62206,70687,17045,27648,17390,15632,20579,24113,15632,0,0,0,0,0,0,0,0
"61","Brazos","0_4",13372,13149,11143,13029,13372,12480,11811,13372,223,2229,343,0,892,1561,0,0,7,6,7,8,7,7,8
"62","Brazos","20",176429,173483,147018,171904,176429,164661,155840,176429,2946,29411,4525,0,11768,20589,0,0,0,0,0,0,0,0,0
"63","Brazos","5_19",54902,32742,27748,32447,33298,31078,29413,33298,22160,27154,22455,21604,23824,25489,21604,0,0,0,0,0,0,0,0
"64","Brewster","0_4",431,410,345,420,431,388,367,431,21,86,11,0,43,64,0,0,0,0,0,0,0,0,0
"65","Brewster","20",7462,7092,5973,7271,7462,6719,6346,7462,370,1489,191,0,743,1116,0,0,0,0,0,0,0,0,0
"66","Brewster","5_19",1620,1017,857,1041,1062,963,910,1053,603,763,579,558,657,710,567,0,0,0,0,0,0,0,0
"67","Briscoe","0_4",78,74,62,76,76,70,66,78,4,16,2,2,8,12,0,0,0,0,0,0,0,0,0
"68","Briscoe","20",1101,1045,880,1073,1073,990,935,1100,56,221,28,28,111,166,1,0,0,0,0,0,0,0,0
"69","Briscoe","5_19",266,212,178,217,220,201,189,215,54,88,49,46,65,77,51,0,0,0,0,0,0,0,0
"70","Brooks","0_4",453,450,382,441,453,428,405,453,3,71,12,0,25,48,0,0,0,0,0,0,0,0,0
"71","Brooks","20",4930,4899,4160,4804,4930,4653,4406,4930,31,770,126,0,277,524,0,0,0,0,0,0,0,0,0
"72","Brooks","5_19",1465,1175,998,1153,1183,1116,1057,1183,290,467,312,282,349,408,282,0,0,0,0,0,0,0,0
"73","Brown","0_4",2126,2068,1749,2071,2126,1962,1856,2126,58,377,55,0,164,270,0,0,1,1,1,1,1,1,1
"74","Brown","20",29749,28942,24479,28986,29749,27454,25967,29749,807,5270,763,0,2295,3782,0,0,0,0,0,0,0,0,0
"75","Brown","5_19",6834,5167,4371,5172,5265,4902,4637,5291,1667,2463,1662,1569,1932,2197,1543,0,0,0,0,0,0,0,0
"76","Burleson","0_4",1116,1107,939,1087,1116,1051,995,1116,9,177,29,0,65,121,0,0,1,0,1,1,1,1,1
"77","Burleson","20",14748,14625,12413,14370,14748,13888,13150,14748,123,2335,378,0,860,1598,0,0,0,0,0,0,0,0,0
"78","Burleson","5_19",3611,2974,2524,2922,2998,2824,2674,2998,637,1087,689,613,787,937,613,0,0,0,0,0,0,0,0
"79","Burnet","0_4",2722,2589,2181,2652,2722,2453,2317,2722,133,541,70,0,269,405,0,0,1,1,1,1,1,1,1
"80","Burnet","20",42017,39969,33666,40939,42017,37868,35767,42017,2048,8351,1078,0,4149,6250,0,0,0,0,0,0,0,0,0
"81","Burnet","5_19",9252,7140,6015,7312,7395,6765,6390,7430,2112,3237,1940,1857,2487,2862,1822,0,0,0,0,0,0,0,0
"82","Caldwell","0_4",3104,3034,2569,3024,3104,2879,2724,3104,70,535,80,0,225,380,0,0,2,1,2,2,2,2,2
"83","Caldwell","20",36880,36052,30520,35934,36880,34208,32364,36880,828,6360,946,0,2672,4516,0,0,0,0,0,0,0,0,0
"84","Caldwell","5_19",9875,7519,6365,7497,7691,7134,6750,7691,2356,3510,2378,2184,2741,3125,2184,0,0,0,0,0,0,0,0
"85","Calhoun","0_4",1187,1177,999,1157,1187,1117,1058,1187,10,188,30,0,70,129,0,0,1,1,1,1,1,1,1
"86","Calhoun","20",14702,14576,12370,14325,14702,13840,13105,14702,126,2332,377,0,862,1597,0,0,0,0,0,0,0,0,0
"87","Calhoun","5_19",3807,3023,2566,2973,3049,2870,2718,3049,784,1241,834,758,937,1089,758,0,0,0,0,0,0,0,0
"88","Callahan","0_4",738,712,601,719,738,675,638,738,26,137,19,0,63,100,0,0,0,0,0,0,0,0,0
"89","Callahan","20",10964,10574,8929,10683,10964,10026,9478,10964,390,2035,281,0,938,1486,0,0,0,0,0,0,0,0,0
"90","Callahan","5_19",2672,2126,1796,2148,2182,2016,1906,2197,546,876,524,490,656,766,475,0,0,0,0,0,0,0,0
"91","Cameron","0_4",29717,29536,25078,28955,29717,28050,26564,29717,181,4639,762,0,1667,3153,0,0,16,14,15,16,15,14,16
"92","Cameron","20",292565,290780,246896,285061,292565,276152,261524,292565,1785,45669,7504,0,16413,31041,0,0,0,0,0,0,0,0,0
"93","Cameron","5_19",104428,82788,70296,81199,83284,78624,74460,83284,21640,34132,23229,21144,25804,29968,21144,0,0,0,0,0,0,0,0
"94","Camp","0_4",964,952,808,939,964,904,856,964,12,156,25,0,60,108,0,0,1,0,1,1,0,0,1
"95","Camp","20",9166,9055,7680,8931,9166,8596,8138,9166,111,1486,235,0,570,1028,0,0,0,0,0,0,0,0,0
"96","Camp","5_19",2870,2308,1957,2276,2336,2191,2074,2336,562,913,594,534,679,796,534,0,0,0,0,0,0,0,0
"97","Carson","0_4",295,281,236,287,295,266,251,295,14,59,8,0,29,44,0,0,0,0,0,0,0,0,0
"98","Carson","20",4371,4159,3503,4259,4371,3941,3722,4371,212,868,112,0,430,649,0,0,0,0,0,0,0,0,0
"99","Carson","5_19",1212,940,792,962,974,891,842,979,272,420,250,238,321,370,233,0,0,0,0,0,0,0,0
"100","Cass","0_4",1671,1624,1374,1628,1671,1541,1457,1671,47,297,43,0,130,214,0,0,1,1,1,1,1,1,1
"101","Cass","20",21511,20909,17683,20959,21511,19834,18758,21511,602,3828,552,0,1677,2753,0,0,0,0,0,0,0,0,0
"102","Cass","5_19",5477,4378,3703,4390,4501,4153,3928,4501,1099,1774,1087,976,1324,1549,976,0,0,0,0,0,0,0,0
"103","Castro","0_4",567,561,476,552,567,533,504,567,6,91,15,0,34,63,0,0,0,0,0,0,0,0,0
"104","Castro","20",4894,4841,4107,4768,4894,4597,4352,4894,53,787,126,0,297,542,0,0,0,0,0,0,0,0,0
"105","Castro","5_19",1766,1414,1200,1394,1430,1343,1271,1430,352,566,372,336,423,495,336,0,0,0,0,0,0,0,0
"106","Chambers","0_4",3579,3471,2934,3487,3579,3292,3113,3579,108,645,92,0,287,466,0,0,2,1,2,2,2,2,2
"107","Chambers","20",37561,36428,30793,36598,37561,34550,32671,37561,1133,6768,963,0,3011,4890,0,0,0,0,0,0,0,0,0
"108","Chambers","5_19",12736,10172,8600,10220,10450,9648,9124,10472,2564,4136,2516,2286,3088,3612,2264,0,0,0,0,0,0,0,0
"109","Cherokee","0_4",3500,3466,2941,3410,3500,3291,3116,3500,34,559,90,0,209,384,0,0,2,2,2,2,2,2,2
"110","Cherokee","20",37815,37445,31773,36845,37815,35554,33664,37815,370,6042,970,0,2261,4151,0,0,0,0,0,0,0,0,0
"111","Cherokee","5_19",10902,8848,7508,8708,8935,8401,7954,8935,2054,3394,2194,1967,2501,2948,1967,0,0,0,0,0,0,0,0
"112","Childress","0_4",314,303,256,306,314,287,272,314,11,58,8,0,27,42,0,0,0,0,0,0,0,0,0
"113","Childress","20",5329,5145,4345,5192,5329,4878,4612,5329,184,984,137,0,451,717,0,0,0,0,0,0,0,0,0
"114","Childress","5_19",1145,868,734,874,892,823,778,880,277,411,271,253,322,367,265,0,0,0,0,0,0,0,0
"115","Clay","0_4",541,528,447,527,541,501,474,541,13,94,14,0,40,67,0,0,0,0,0,0,0,0,0
"116","Clay","20",8322,8118,6870,8109,8322,7702,7286,8322,204,1452,213,0,620,1036,0,0,0,0,0,0,0,0,0
"117","Clay","5_19",1875,1491,1262,1488,1515,1414,1338,1518,384,613,387,360,461,537,357,0,0,0,0,0,0,0,0
"118","Cochran","0_4",212,204,173,207,212,194,183,212,8,39,5,0,18,29,0,0,0,0,0,0,0,0,0
"119","Cochran","20",1763,1700,1436,1718,1763,1612,1524,1763,63,327,45,0,151,239,0,0,0,0,0,0,0,0,0
"120","Cochran","5_19",534,418,353,422,429,396,375,428,116,181,112,105,138,159,106,0,0,0,0,0,0,0,0
"121","Coke","0_4",177,167,141,172,173,158,150,176,10,36,5,4,19,27,1,0,0,0,0,0,0,0,0
"122","Coke","20",2579,2438,2051,2513,2513,2309,2180,2567,141,528,66,66,270,399,12,0,0,0,0,0,0,0,0
"123","Coke","5_19",596,485,408,501,506,460,434,505,111,188,95,90,136,162,91,0,0,0,0,0,0,0,0
"124","Coleman","0_4",427,413,349,416,427,392,371,427,14,78,11,0,35,56,0,0,0,0,0,0,0,0,0
"125","Coleman","20",6038,5847,4941,5883,6038,5545,5243,6038,191,1097,155,0,493,795,0,0,0,0,0,0,0,0,0
"126","Coleman","5_19",1377,1090,922,1096,1113,1034,978,1113,287,455,281,264,343,399,264,0,0,0,0,0,0,0,0
"127","Collin","0_4",68206,65244,55013,66457,68206,61833,58423,68206,2962,13193,1749,0,6373,9783,0,0,35,29,35,35,33,31,36
"128","Collin","20",870997,833167,702517,848657,870997,789617,746067,870997,37830,168480,22340,0,81380,124930,0,0,0,0,0,0,0,0,0
"129","Collin","5_19",256156,196222,165471,199910,203021,185972,175721,204554,59934,90685,56246,53135,70184,80435,51602,0,0,0,0,0,0,0,0
"130","Collingsworth","0_4",167,160,135,163,167,152,143,167,7,32,4,0,15,24,0,0,0,0,0,0,0,0,0
"131","Collingsworth","20",1835,1757,1481,1788,1835,1665,1573,1835,78,354,47,0,170,262,0,0,0,0,0,0,0,0,0
"132","Collingsworth","5_19",561,439,371,446,453,416,393,452,122,190,115,108,145,168,109,0,0,0,0,0,0,0,0
"133","Colorado","0_4",1380,1361,1154,1345,1380,1292,1223,1380,19,226,35,0,88,157,0,0,1,1,1,1,1,1,1
"134","Colorado","20",15666,15447,13098,15264,15666,14664,13881,15666,219,2568,402,0,1002,1785,0,0,0,0,0,0,0,0,0
"135","Colorado","5_19",4071,3344,2836,3305,3390,3175,3005,3390,727,1235,766,681,896,1066,681,0,0,0,0,0,0,0,0
"136","Comal","0_4",10135,9706,8186,9875,10135,9199,8693,10135,429,1949,260,0,936,1442,0,0,5,4,5,5,5,5,5
"137","Comal","20",146926,140710,118671,143157,146926,133364,126017,146926,6216,28255,3769,0,13562,20909,0,0,0,0,0,0,0,0,0
"138","Comal","5_19",36867,28884,24363,29382,29842,27377,25870,29975,7983,12504,7485,7025,9490,10997,6892,0,0,0,0,0,0,0,0
"139","Comanche","0_4",850,835,707,828,850,792,750,850,15,143,22,0,58,100,0,0,0,0,0,1,0,0,1
"140","Comanche","20",10568,10380,8795,10297,10568,9851,9323,10568,188,1773,271,0,717,1245,0,0,0,0,0,0,0,0,0
"141","Comanche","5_19",2632,2078,1761,2064,2116,1973,1867,2116,554,871,568,516,659,765,516,0,0,0,0,0,0,0,0
"142","Concho","0_4",118,117,99,115,118,111,105,118,1,19,3,0,7,13,0,0,0,0,0,0,0,0,0
"143","Concho","20",2812,2791,2369,2740,2812,2650,2510,2812,21,443,72,0,162,302,0,0,0,0,0,0,0,0,0
"144","Concho","5_19",367,251,214,247,253,239,226,253,116,153,120,114,128,141,114,0,0,0,0,0,0,0,0
"145","Cooke","0_4",2679,2595,2193,2610,2679,2461,2327,2679,84,486,69,0,218,352,0,0,1,1,1,1,1,1,2
"146","Cooke","20",32482,31459,26587,31649,32482,29835,28211,32482,1023,5895,833,0,2647,4271,0,0,0,0,0,0,0,0,0
"147","Cooke","5_19",8621,6746,5701,6787,6911,6397,6049,6942,1875,2920,1834,1710,2224,2572,1679,0,0,0,0,0,0,0,0
"148","Coryell","0_4",5354,5201,4398,5217,5354,4933,4666,5354,153,956,137,0,421,688,0,0,3,2,3,3,2,2,3
"149","Coryell","20",63817,61994,52421,62180,63817,58803,55612,63817,1823,11396,1637,0,5014,8205,0,0,0,0,0,0,0,0,0
"150","Coryell","5_19",15707,12453,10530,12486,12824,11812,11171,12824,3254,5177,3221,2883,3895,4536,2883,0,0,0,0,0,0,0,0
"151","Cottle","0_4",52,51,43,51,52,48,46,52,1,9,1,0,4,6,0,0,0,0,0,0,0,0,0
"152","Cottle","20",1016,995,843,990,1016,945,894,1016,21,173,26,0,71,122,0,0,0,0,0,0,0,0,0
"153","Cottle","5_19",226,164,139,163,166,156,147,165,62,87,63,60,70,79,61,0,0,0,0,0,0,0,0
"154","Crockett","0_4",200,199,169,195,200,189,179,200,1,31,5,0,11,21,0,0,0,0,0,0,0,0,0
"155","Crockett","20",2048,2036,1729,1995,2048,1934,1831,2048,12,319,53,0,114,217,0,0,0,0,0,0,0,0,0
"156","Crockett","5_19",610,494,419,485,497,469,444,497,116,191,125,113,141,166,113,0,0,0,0,0,0,0,0
"157","Crosby","0_4",300,295,250,292,300,280,265,300,5,50,8,0,20,35,0,0,0,0,0,0,0,0,0
"158","Crosby","20",3502,3446,2921,3412,3502,3271,3096,3502,56,581,90,0,231,406,0,0,0,0,0,0,0,0,0
"159","Crosby","5_19",1115,862,731,854,875,818,774,875,253,384,261,240,297,341,240,0,0,0,0,0,0,0,0
"160","Culberson","0_4",144,143,121,140,144,135,128,144,1,23,4,0,9,16,0,0,0,0,0,0,0,0,0
"161","Culberson","20",1628,1613,1368,1586,1628,1531,1450,1628,15,260,42,0,97,178,0,0,0,0,0,0,0,0,0
"162","Culberson","5_19",424,312,265,306,315,296,280,315,112,159,118,109,128,144,109,0,0,0,0,0,0,0,0
"163","Dallam","0_4",819,797,674,798,819,756,715,819,22,145,21,0,63,104,0,0,0,0,0,0,0,0,0
"164","Dallam","20",4550,4426,3744,4433,4550,4199,3971,4550,124,806,117,0,351,579,0,0,0,0,0,0,0,0,0
"165","Dallam","5_19",1868,1512,1279,1514,1552,1435,1357,1555,356,589,354,316,433,511,313,0,0,0,0,0,0,0,0
"166","Dallas","0_4",175055,171602,145344,170565,175055,162849,154097,175055,3453,29711,4490,0,12206,20958,0,0,92,77,92,97,87,82,97
"167","Dallas","20",1892367,1855040,1571185,1843829,1892367,1760422,1665803,1892367,37327,321182,48538,0,131945,226564,0,0,0,0,0,0,0,0,0
"168","Dallas","5_19",538936,424676,359710,422154,432843,403021,381365,432843,114260,179226,116782,106093,135915,157571,106093,0,0,0,0,0,0,0,0
"169","Dawson","0_4",876,835,704,854,876,791,748,876,41,172,22,0,85,128,0,0,0,0,0,0,0,0,0
"170","Dawson","20",8719,8313,7005,8495,8719,7877,7441,8719,406,1714,224,0,842,1278,0,0,0,0,0,0,0,0,0
"171","Dawson","5_19",2409,1865,1572,1903,1926,1767,1669,1924,544,837,506,483,642,740,485,0,0,0,0,0,0,0,0
"172","DeWitt","0_4",1117,1101,934,1088,1117,1045,989,1117,16,183,29,0,72,128,0,0,1,0,1,1,1,0,1
"173","DeWitt","20",14933,14720,12480,14550,14933,13973,13227,14933,213,2453,383,0,960,1706,0,0,0,0,0,0,0,0,0
"174","DeWitt","5_19",3879,3146,2667,3111,3191,2986,2827,3191,733,1212,768,688,893,1052,688,0,0,0,0,0,0,0,0
"175","Deaf Smith","0_4",1635,1630,1385,1593,1635,1548,1466,1635,5,250,42,0,87,169,0,0,1,1,1,1,1,1,1
"176","Deaf Smith","20",12047,12009,10202,11738,12047,11407,10804,12047,38,1845,309,0,640,1243,0,0,0,0,0,0,0,0,0
"177","Deaf Smith","5_19",4665,3766,3199,3682,3778,3577,3388,3778,899,1466,983,887,1088,1277,887,0,0,0,0,0,0,0,0
"178","Delta","0_4",365,358,303,356,365,340,322,365,7,62,9,0,25,43,0,0,0,0,0,0,0,0,0
"179","Delta","20",4077,4000,3388,3972,4077,3796,3592,4077,77,689,105,0,281,485,0,0,0,0,0,0,0,0,0
"180","Delta","5_19",1078,891,755,884,903,846,801,907,187,323,194,175,232,277,171,0,0,0,0,0,0,0,0
"181","Denton","0_4",57654,54465,45817,56175,56238,51582,48699,57347,3189,11837,1479,1416,6072,8955,307,0,29,25,30,30,28,26,31
"182","Denton","20",750373,708865,596309,731126,731271,671346,633828,746384,41508,154064,19247,19102,79027,116545,3989,0,0,0,0,0,0,0,0
"183","Denton","5_19",199676,151075,127092,155889,157458,143080,135086,158321,48601,72584,43787,42218,56596,64590,41355,0,0,0,0,0,0,0,0
"184","Dickens","0_4",88,86,73,86,88,82,77,88,2,15,2,0,6,11,0,0,0,0,0,0,0,0,0
"185","Dickens","20",1353,1327,1124,1318,1353,1259,1191,1353,26,229,35,0,94,162,0,0,0,0,0,0,0,0,0
"186","Dickens","5_19",270,198,168,198,201,188,178,201,72,102,72,69,82,92,69,0,0,0,0,0,0,0,0
"187","Dimmit","0_4",624,623,529,608,624,592,560,624,1,95,16,0,32,64,0,0,0,0,0,0,0,0,0
"188","Dimmit","20",5620,5609,4766,5476,5620,5328,5047,5620,11,854,144,0,292,573,0,0,0,0,0,0,0,0,0
"189","Dimmit","5_19",2013,1583,1346,1547,1586,1504,1425,1586,430,667,466,427,509,588,427,0,0,0,0,0,0,0,0
"190","Donley","0_4",158,154,130,154,158,146,138,158,4,28,4,0,12,20,0,0,0,0,0,0,0,0,0
"191","Donley","20",2375,2312,1955,2314,2375,2193,2074,2375,63,420,61,0,182,301,0,0,0,0,0,0,0,0,0
"192","Donley","5_19",681,427,362,428,437,405,384,438,254,319,253,244,276,297,243,0,0,0,0,0,0,0,0
"193","Duval","0_4",664,658,559,647,664,625,592,664,6,105,17,0,39,72,0,0,0,0,0,0,0,0,0
"194","Duval","20",6848,6790,5763,6672,6848,6448,6105,6848,58,1085,176,0,400,743,0,0,0,0,0,0,0,0,0
"195","Duval","5_19",2092,1639,1391,1611,1652,1556,1473,1652,453,701,481,440,536,619,440,0,0,0,0,0,0,0,0
"196","Eastland","0_4",1058,1023,865,1031,1058,970,918,1058,35,193,27,0,88,140,0,0,1,0,1,1,1,1,1
"197","Eastland","20",13477,13036,11014,13131,13477,12362,11688,13477,441,2463,346,0,1115,1789,0,0,0,0,0,0,0,0,0
"198","Eastland","5_19",3502,2469,2086,2485,2546,2341,2214,2549,1033,1416,1017,956,1161,1288,953,0,0,0,0,0,0,0,0
"199","Ector","0_4",14192,13912,11783,13828,14192,13202,12493,14192,280,2409,364,0,990,1699,0,0,7,6,8,8,7,7,8
"200","Ector","20",109505,107342,90917,106696,109505,101867,96392,109505,2163,18588,2809,0,7638,13113,0,0,0,0,0,0,0,0,0
"201","Ector","5_19",40797,32827,27804,32630,33330,31153,29479,33386,7970,12993,8167,7467,9644,11318,7411,0,0,0,0,0,0,0,0
"202","Edwards","0_4",84,82,70,82,84,78,74,84,2,14,2,0,6,10,0,0,0,0,0,0,0,0,0
"203","Edwards","20",1068,1044,884,1041,1068,991,937,1068,24,184,27,0,77,131,0,0,0,0,0,0,0,0,0
"204","Edwards","5_19",241,190,161,189,194,180,170,194,51,80,52,47,61,71,47,0,0,0,0,0,0,0,0
"205","El Paso","0_4",55654,54833,46485,54227,55654,52050,49267,55654,821,9169,1427,0,3604,6387,0,0,29,25,28,30,28,26,30
"206","El Paso","20",620788,611626,518508,604865,620788,580587,549547,620788,9162,102280,15923,0,40201,71241,0,0,0,0,0,0,0,0,0
"207","El Paso","5_19",193438,152316,129129,150674,154580,144587,136858,154580,41122,64309,42764,38858,48851,56580,38858,0,0,0,0,0,0,0,0
"208","Ellis","0_4",14372,13894,11738,14003,14372,13175,12456,14372,478,2634,369,0,1197,1916,0,0,8,6,8,8,7,7,8
"209","Ellis","20",158310,153041,129294,154249,158310,145125,137210,158310,5269,29016,4061,0,13185,21100,0,0,0,0,0,0,0,0,0
"210","Ellis","5_19",50147,39323,33227,39632,40249,37291,35259,40568,10824,16920,10515,9898,12856,14888,9579,0,0,0,0,0,0,0,0
"211","Erath","0_4",2365,2302,1947,2304,2365,2184,2066,2365,63,418,61,0,181,299,0,0,1,1,1,1,1,1,1
"212","Erath","20",31864,31017,26238,31047,31864,29424,27831,31864,847,5626,817,0,2440,4033,0,0,0,0,0,0,0,0,0
"213","Erath","5_19",9966,6066,5132,6071,6181,5754,5443,6219,3900,4834,3895,3785,4212,4523,3747,0,0,0,0,0,0,0,0
"214","Falls","0_4",974,957,810,949,974,908,859,974,17,164,25,0,66,115,0,0,1,0,1,1,0,0,1
"215","Falls","20",13246,13008,11022,12906,13246,12346,11684,13246,238,2224,340,0,900,1562,0,0,0,0,0,0,0,0,0
"216","Falls","5_19",3066,2481,2102,2462,2515,2355,2229,2520,585,964,604,551,711,837,546,0,0,0,0,0,0,0,0
"217","Fannin","0_4",1911,1843,1557,1862,1911,1748,1652,1911,68,354,49,0,163,259,0,0,1,1,1,1,1,1,1
"218","Fannin","20",28770,27751,23435,28032,28770,26312,24874,28770,1019,5335,738,0,2458,3896,0,0,0,0,0,0,0,0,0
"219","Fannin","5_19",6890,5326,4499,5379,5463,5050,4775,5501,1564,2391,1511,1427,1840,2115,1389,0,0,0,0,0,0,0,0
"220","Fayette","0_4",1295,1278,1084,1262,1295,1213,1149,1295,17,211,33,0,82,146,0,0,1,1,1,1,1,1,1
"221","Fayette","20",19782,19523,16555,19275,19782,18534,17544,19782,259,3227,507,0,1248,2238,0,0,0,0,0,0,0,0,0
"222","Fayette","5_19",4397,3520,2986,3477,3566,3342,3164,3566,877,1411,920,831,1055,1233,831,0,0,0,0,0,0,0,0
"223","Fisher","0_4",157,155,131,153,157,147,139,157,2,26,4,0,10,18,0,0,0,0,0,0,0,0,0
"224","Fisher","20",2753,2716,2303,2682,2753,2579,2441,2753,37,450,71,0,174,312,0,0,0,0,0,0,0,0,0
"225","Fisher","5_19",702,505,429,499,512,480,454,512,197,273,203,190,222,248,190,0,0,0,0,0,0,0,0
"226","Floyd","0_4",297,292,248,289,297,278,263,297,5,49,8,0,19,34,0,0,0,0,0,0,0,0,0
"227","Floyd","20",3645,3589,3043,3552,3645,3407,3225,3645,56,602,93,0,238,420,0,0,0,0,0,0,0,0,0
"228","Floyd","5_19",1148,911,772,901,924,865,818,924,237,376,247,224,283,330,224,0,0,0,0,0,0,0,0
"229","Foard","0_4",49,47,40,48,49,45,42,49,2,9,1,0,4,7,0,0,0,0,0,0,0,0,0
"230","Foard","20",829,801,677,808,829,760,718,829,28,152,21,0,69,111,0,0,0,0,0,0,0,0,0
"231","Foard","5_19",201,156,132,158,161,148,140,158,45,69,43,40,53,61,43,0,0,0,0,0,0,0,0
"232","Fort Bend","0_4",53674,52933,44882,52297,53674,50250,47566,53674,741,8792,1377,0,3424,6108,0,0,27,23,26,28,25,24,28
"233","Fort Bend","20",651667,642674,544924,634952,651667,610091,577507,651667,8993,106743,16715,0,41576,74160,0,0,0,0,0,0,0,0,0
"234","Fort Bend","5_19",211437,171212,145183,169228,173532,162536,153859,173532,40225,66254,42209,37905,48901,57578,37905,0,0,0,0,0,0,0,0
"235","Franklin","0_4",592,581,492,577,592,551,522,592,11,100,15,0,41,70,0,0,0,0,0,0,0,0,0
"236","Franklin","20",8159,8005,6781,7950,8159,7597,7189,8159,154,1378,209,0,562,970,0,0,0,0,0,0,0,0,0
"237","Franklin","5_19",1984,1558,1320,1548,1586,1479,1399,1586,426,664,436,398,505,585,398,0,0,0,0,0,0,0,0
"238","Freestone","0_4",1136,1096,925,1107,1136,1039,982,1136,40,211,29,0,97,154,0,0,1,1,1,1,1,1,1
"239","Freestone","20",15402,14857,12546,15007,15402,14087,13317,15402,545,2856,395,0,1315,2085,0,0,0,0,0,0,0,0,0
"240","Freestone","5_19",3903,3100,2618,3130,3179,2939,2779,3196,803,1285,773,724,964,1124,707,0,0,0,0,0,0,0,0
"241","Frio","0_4",1150,1144,971,1121,1150,1086,1029,1150,6,179,29,0,64,121,0,0,1,1,1,1,1,1,1
"242","Frio","20",12832,12762,10837,12503,12832,12120,11478,12832,70,1995,329,0,712,1354,0,0,0,0,0,0,0,0,0
"243","Frio","5_19",4005,3125,2654,3066,3141,2968,2811,3141,880,1351,939,864,1037,1194,864,0,0,0,0,0,0,0,0
"244","Gaines","0_4",2341,1988,1636,2281,2283,1871,1753,2105,353,705,60,58,470,588,236,0,1,1,1,1,1,1,1
"245","Gaines","20",13682,11616,9564,13331,13334,10932,10248,12301,2066,4118,351,348,2750,3434,1381,0,0,0,0,0,0,0,0
"246","Gaines","5_19",6500,4536,3735,5201,5206,4269,4002,4803,1964,2765,1299,1294,2231,2498,1697,0,0,0,0,0,0,0,0
"247","Galveston","0_4",20512,19958,16881,19986,20512,18932,17907,20512,554,3631,526,0,1580,2605,0,0,11,9,11,11,10,10,11
"248","Galveston","20",268226,260979,220746,261346,268226,247568,234157,268226,7247,47480,6880,0,20658,34069,0,0,0,0,0,0,0,0,0
"249","Galveston","5_19",73006,57432,48583,57530,58993,54483,51533,58993,15574,24423,15476,14013,18523,21473,14013,0,0,0,0,0,0,0,0
"250","Garza","0_4",219,214,181,213,219,203,192,219,5,38,6,0,16,27,0,0,0,0,0,0,0,0,0
"251","Garza","20",3487,3410,2887,3398,3487,3236,3062,3487,77,600,89,0,251,425,0,0,0,0,0,0,0,0,0
"252","Garza","5_19",811,634,537,632,646,602,570,648,177,274,179,165,209,241,163,0,0,0,0,0,0,0,0
"253","Gillespie","0_4",1303,1239,1044,1270,1303,1174,1109,1303,64,259,33,0,129,194,0,0,1,1,1,1,1,1,1
"254","Gillespie","20",21865,20795,17515,21304,21865,19701,18608,21865,1070,4350,561,0,2164,3257,0,0,0,0,0,0,0,0,0
"255","Gillespie","5_19",4565,3519,2965,3607,3646,3334,3150,3661,1046,1600,958,919,1231,1415,904,0,0,0,0,0,0,0,0
"256","Glasscock","0_4",82,79,66,80,82,75,71,82,3,16,2,0,7,11,0,0,0,0,0,0,0,0,0
"257","Glasscock","20",827,794,670,806,827,752,711,827,33,157,21,0,75,116,0,0,0,0,0,0,0,0,0
"258","Glasscock","5_19",232,181,153,183,186,171,162,187,51,79,49,46,61,70,45,0,0,0,0,0,0,0,0
"259","Goliad","0_4",327,319,270,319,327,303,286,327,8,57,8,0,24,41,0,0,0,0,0,0,0,0,0
"260","Goliad","20",5607,5467,4626,5463,5607,5187,4907,5607,140,981,144,0,420,700,0,0,0,0,0,0,0,0,0
"261","Goliad","5_19",1210,964,816,963,981,915,865,985,246,394,247,229,295,345,225,0,0,0,0,0,0,0,0
"262","Gonzales","0_4",1434,1415,1200,1397,1434,1343,1271,1434,19,234,37,0,91,163,0,0,1,1,1,1,1,1,1
"263","Gonzales","20",14128,13939,11820,13766,14128,13233,12526,14128,189,2308,362,0,895,1602,0,0,0,0,0,0,0,0,0
"264","Gonzales","5_19",4368,3461,2935,3419,3506,3286,3110,3506,907,1433,949,862,1082,1258,862,0,0,0,0,0,0,0,0
"265","Gray","0_4",1247,1218,1031,1215,1247,1155,1093,1247,29,216,32,0,92,154,0,0,1,1,1,1,1,1,1
"266","Gray","20",15135,14778,12508,14747,15135,14022,13265,15135,357,2627,388,0,1113,1870,0,0,0,0,0,0,0,0,0
"267","Gray","5_19",4534,3611,3057,3601,3668,3427,3242,3678,923,1477,933,866,1107,1292,856,0,0,0,0,0,0,0,0
"268","Grayson","0_4",9186,8886,7508,8950,9186,8427,7967,9186,300,1678,236,0,759,1219,0,0,5,4,5,5,5,4,5
"269","Grayson","20",107923,104398,88209,105155,107923,99001,93605,107923,3525,19714,2768,0,8922,14318,0,0,0,0,0,0,0,0,0
"270","Grayson","5_19",29798,23328,19712,23497,23863,22123,20917,24061,6470,10086,6301,5935,7675,8881,5737,0,0,0,0,0,0,0,0
"271","Gregg","0_4",8459,8257,6988,8242,8459,7834,7411,8459,202,1471,217,0,625,1048,0,0,5,4,5,5,4,4,5
"272","Gregg","20",90168,88012,74487,87855,90168,83504,78995,90168,2156,15681,2313,0,6664,11173,0,0,0,0,0,0,0,0,0
"273","Gregg","5_19",27616,21582,18267,21545,22088,20477,19372,22088,6034,9349,6071,5528,7139,8244,5528,0,0,0,0,0,0,0,0
"274","Grimes","0_4",2000,1948,1648,1949,2000,1848,1748,2000,52,352,51,0,152,252,0,0,1,1,1,1,1,1,1
"275","Grimes","20",24295,23663,20019,23672,24295,22448,21234,24295,632,4276,623,0,1847,3061,0,0,0,0,0,0,0,0,0
"276","Grimes","5_19",6089,4833,4089,4835,4957,4585,4337,4957,1256,2000,1254,1132,1504,1752,1132,0,0,0,0,0,0,0,0
"277","Guadalupe","0_4",10511,10301,8724,10241,10511,9775,9250,10511,210,1787,270,0,736,1261,0,0,5,5,5,6,5,5,6
"278","Guadalupe","20",138950,136171,115329,135386,138950,129223,122276,138950,2779,23621,3564,0,9727,16674,0,0,0,0,0,0,0,0,0
"279","Guadalupe","5_19",38993,30798,26086,30637,31417,29227,27657,31417,8195,12907,8356,7576,9766,11336,7576,0,0,0,0,0,0,0,0
"280","Hale","0_4",2029,2009,1705,1977,2029,1908,1806,2029,20,324,52,0,121,223,0,0,1,1,1,1,1,1,1
"281","Hale","20",22478,22260,18888,21901,22478,21136,20012,22478,218,3590,577,0,1342,2466,0,0,0,0,0,0,0,0,0
"282","Hale","5_19",7254,5652,4796,5567,5705,5366,5081,5705,1602,2458,1687,1549,1888,2173,1549,0,0,0,0,0,0,0,0
"283","Hall","0_4",141,134,112,137,138,126,119,141,7,29,4,3,15,22,0,0,0,0,0,0,0,0,0
"284","Hall","20",2141,2028,1707,2086,2087,1921,1814,2135,113,434,55,54,220,327,6,0,0,0,0,0,0,0,0
"285","Hall","5_19",536,398,335,407,412,377,356,406,138,201,129,124,159,180,130,0,0,0,0,0,0,0,0
"286","Hamilton","0_4",431,422,357,420,431,400,379,431,9,74,11,0,31,52,0,0,0,0,0,0,0,0,0
"287","Hamilton","20",6592,6455,5466,6423,6592,6125,5796,6592,137,1126,169,0,467,796,0,0,0,0,0,0,0,0,0
"288","Hamilton","5_19",1596,1302,1103,1296,1329,1235,1169,1329,294,493,300,267,361,427,267,0,0,0,0,0,0,0,0
"289","Hansford","0_4",357,350,296,348,357,332,314,357,7,61,9,0,25,43,0,0,0,0,0,0,0,0,0
"290","Hansford","20",3440,3373,2857,3352,3440,3201,3029,3440,67,583,88,0,239,411,0,0,0,0,0,0,0,0,0
"291","Hansford","5_19",1274,988,837,983,1008,938,887,1008,286,437,291,266,336,387,266,0,0,0,0,0,0,0,0
"292","Hardeman","0_4",213,210,178,208,213,199,188,213,3,35,5,0,14,25,0,0,0,0,0,0,0,0,0
"293","Hardeman","20",2614,2571,2179,2547,2614,2441,2310,2614,43,435,67,0,173,304,0,0,0,0,0,0,0,0,0
"294","Hardeman","5_19",663,510,432,507,518,484,458,519,153,231,156,145,179,205,144,0,0,0,0,0,0,0,0
"295","Hardin","0_4",3600,3475,2935,3508,3600,3295,3115,3600,125,665,92,0,305,485,0,0,2,1,2,2,2,2,2
"296","Hardin","20",42463,40988,34619,41374,42463,38865,36742,42463,1475,7844,1089,0,3598,5721,0,0,0,0,0,0,0,0,0
"297","Hardin","5_19",12198,9777,8259,9867,10022,9271,8765,10085,2421,3939,2331,2176,2927,3433,2113,0,0,0,0,0,0,0,0
"298","Harris","0_4",323835,317779,269204,315529,323835,301588,285396,323835,6056,54631,8306,0,22247,38439,0,0,168,141,167,168,159,150,177
"299","Harris","20",3468544,3403682,2883401,3379578,3468544,3230255,3056828,3468544,64862,585143,88966,0,238289,411716,0,0,0,0,0,0,0,0,0
"300","Harris","5_19",1042746,828031,701498,822245,839735,785853,743675,842985,214715,341248,220501,203011,256893,299071,199761,0,0,0,0,0,0,0,0
"301","Harrison","0_4",4110,4021,3404,4005,4110,3815,3610,4110,89,706,105,0,295,500,0,0,2,2,2,2,2,2,2
"302","Harrison","20",51666,50546,42796,50341,51666,47962,45379,51666,1120,8870,1325,0,3704,6287,0,0,0,0,0,0,0,0,0
"303","Harrison","5_19",15119,11606,9828,11558,11769,11013,10421,11836,3513,5291,3561,3350,4106,4698,3283,0,0,0,0,0,0,0,0
"304","Hartley","0_4",330,316,267,322,330,300,283,330,14,63,8,0,30,47,0,0,0,0,0,0,0,0,0
"305","Hartley","20",3904,3742,3156,3804,3904,3546,3351,3904,162,748,100,0,358,553,0,0,0,0,0,0,0,0,0
"306","Hartley","5_19",911,714,603,725,738,677,640,733,197,308,186,173,234,271,178,0,0,0,0,0,0,0,0
"307","Haskell","0_4",249,242,205,243,249,230,217,249,7,44,6,0,19,32,0,0,0,0,0,0,0,0,0
"308","Haskell","20",4300,4181,3536,4190,4300,3966,3751,4300,119,764,110,0,334,549,0,0,0,0,0,0,0,0,0
"309","Haskell","5_19",836,651,551,652,662,618,584,666,185,285,184,174,218,252,170,0,0,0,0,0,0,0,0
"310","Hays","0_4",16031,15488,13084,15620,16031,14687,13885,16031,543,2947,411,0,1344,2146,0,0,8,7,8,9,8,8,9
"311","Hays","20",208132,201088,169869,202794,208132,190682,180275,208132,7044,38263,5338,0,17450,27857,0,0,0,0,0,0,0,0,0
"312","Hays","5_19",56323,40937,34582,41292,42367,38819,36701,42367,15386,21741,15031,13956,17504,19622,13956,0,0,0,0,0,0,0,0
"313","Hemphill","0_4",182,177,150,177,182,168,159,182,5,32,5,0,14,23,0,0,0,0,0,0,0,0,0
"314","Hemphill","20",2234,2171,1836,2177,2234,2060,1948,2234,63,398,57,0,174,286,0,0,0,0,0,0,0,0,0
"315","Hemphill","5_19",773,589,498,592,603,559,529,605,184,275,181,170,214,244,168,0,0,0,0,0,0,0,0
"316","Henderson","0_4",4825,4673,3949,4701,4825,4432,4191,4825,152,876,124,0,393,634,0,0,3,2,3,3,2,2,3
"317","Henderson","20",65765,63694,53830,64078,65765,60406,57118,65765,2071,11935,1687,0,5359,8647,0,0,0,0,0,0,0,0,0
"318","Henderson","5_19",15568,12192,10306,12265,12488,11563,10935,12566,3376,5262,3303,3080,4005,4633,3002,0,0,0,0,0,0,0,0
"319","Hidalgo","0_4",68354,67780,57527,66601,68354,64362,60944,68354,574,10827,1753,0,3992,7410,0,0,36,30,35,37,34,32,37
"320","Hidalgo","20",594630,589635,500441,579378,594630,559904,530172,594630,4995,94189,15252,0,34726,64458,0,0,0,0,0,0,0,0,0
"321","Hidalgo","5_19",235487,188084,159640,184859,189631,178603,169121,189631,47403,75847,50628,45856,56884,66366,45856,0,0,0,0,0,0,0,0
"322","Hill","0_4",2199,2132,1803,2143,2199,2022,1913,2199,67,396,56,0,177,286,0,0,1,1,1,1,1,1,1
"323","Hill","20",28411,27551,23289,27682,28411,26130,24710,28411,860,5122,729,0,2281,3701,0,0,0,0,0,0,0,0,0
"324","Hill","5_19",7491,5902,4991,5927,6036,5598,5294,6051,1589,2500,1564,1455,1893,2197,1440,0,0,0,0,0,0,0,0
"325","Hockley","0_4",1458,1428,1209,1421,1458,1355,1282,1458,30,249,37,0,103,176,0,0,1,1,1,1,1,1,1
"326","Hockley","20",15120,14805,12537,14732,15120,14049,13293,15120,315,2583,388,0,1071,1827,0,0,0,0,0,0,0,0,0
"327","Hockley","5_19",4882,3790,3210,3771,3845,3597,3403,3862,1092,1672,1111,1037,1285,1479,1020,0,0,0,0,0,0,0,0
"328","Hood","0_4",3343,3189,2687,3257,3343,3022,2855,3343,154,656,86,0,321,488,0,0,2,1,2,2,2,1,2
"329","Hood","20",52736,50305,42395,51383,52736,47669,45032,52736,2431,10341,1353,0,5067,7704,0,0,0,0,0,0,0,0,0
"330","Hood","5_19",11695,9152,7714,9345,9456,8673,8194,9519,2543,3981,2350,2239,3022,3501,2176,0,0,0,0,0,0,0,0
"331","Hopkins","0_4",2375,2325,1969,2314,2375,2206,2088,2375,50,406,61,0,169,287,0,0,1,1,1,1,1,1,1
"332","Hopkins","20",28059,27471,23262,27339,28059,26068,24665,28059,588,4797,720,0,1991,3394,0,0,0,0,0,0,0,0,0
"333","Hopkins","5_19",7738,6176,5231,6147,6304,5861,5546,6304,1562,2507,1591,1434,1877,2192,1434,0,0,0,0,0,0,0,0
"334","Houston","0_4",1200,1161,981,1169,1200,1101,1041,1200,39,219,31,0,99,159,0,0,1,1,1,1,1,1,1
"335","Houston","20",17127,16572,14002,16688,17127,15715,14859,17127,555,3125,439,0,1412,2268,0,0,0,0,0,0,0,0,0
"336","Houston","5_19",3739,2963,2504,2981,3039,2810,2657,3045,776,1235,758,700,929,1082,694,0,0,0,0,0,0,0,0
"337","Howard","0_4",1786,1755,1487,1740,1786,1666,1577,1786,31,299,46,0,120,209,0,0,1,1,1,1,1,1,1
"338","Howard","20",22696,22304,18900,22114,22696,21169,20035,22696,392,3796,582,0,1527,2661,0,0,0,0,0,0,0,0,0
"339","Howard","5_19",6072,4737,4014,4696,4820,4496,4255,4820,1335,2058,1376,1252,1576,1817,1252,0,0,0,0,0,0,0,0
"340","Hudspeth","0_4",107,106,90,104,107,100,95,107,1,17,3,0,7,12,0,0,0,0,0,0,0,0,0
"341","Hudspeth","20",2957,2920,2476,2881,2957,2772,2624,2957,37,481,76,0,185,333,0,0,0,0,0,0,0,0,0
"342","Hudspeth","5_19",387,258,219,254,260,245,232,261,129,168,133,127,142,155,126,0,0,0,0,0,0,0,0
"343","Hunt","0_4",7283,7103,6011,7096,7283,6739,6375,7283,180,1272,187,0,544,908,0,0,4,3,4,4,3,3,4
"344","Hunt","20",81965,79945,67650,79863,81965,75846,71748,81965,2020,14315,2102,0,6119,10217,0,0,0,0,0,0,0,0,0
"345","Hunt","5_19",24099,18646,15779,18627,18969,17690,16735,19095,5453,8320,5472,5130,6409,7364,5004,0,0,0,0,0,0,0,0
"346","Hutchinson","0_4",1142,1109,937,1113,1142,1052,994,1142,33,205,29,0,90,148,0,0,1,0,1,1,1,1,1
"347","Hutchinson","20",14571,14145,11960,14197,14571,13417,12688,14571,426,2611,374,0,1154,1883,0,0,0,0,0,0,0,0,0
"348","Hutchinson","5_19",4320,3371,2850,3383,3461,3197,3024,3468,949,1470,937,859,1123,1296,852,0,0,0,0,0,0,0,0
"349","Irion","0_4",95,92,78,93,95,87,82,95,3,17,2,0,8,13,0,0,0,0,0,0,0,0,0
"350","Irion","20",1159,1119,946,1129,1159,1061,1004,1159,40,213,30,0,98,155,0,0,0,0,0,0,0,0,0
"351","Irion","5_19",295,238,201,240,243,225,213,244,57,94,55,52,70,82,51,0,0,0,0,0,0,0,0
"352","Jack","0_4",450,438,371,438,450,416,393,450,12,79,12,0,34,57,0,0,0,0,0,0,0,0,0
"353","Jack","20",6706,6532,5526,6534,6706,6197,5861,6706,174,1180,172,0,509,845,0,0,0,0,0,0,0,0,0
"354","Jack","5_19",1719,1363,1154,1363,1388,1293,1224,1393,356,565,356,331,426,495,326,0,0,0,0,0,0,0,0
"355","Jackson","0_4",1114,1101,934,1085,1114,1045,990,1114,13,180,29,0,69,124,0,0,1,1,1,1,1,1,1
"356","Jackson","20",10954,10828,9184,10673,10954,10280,9732,10954,126,1770,281,0,674,1222,0,0,0,0,0,0,0,0,0
"357","Jackson","5_19",3153,2525,2142,2491,2555,2398,2270,2555,628,1011,662,598,755,883,598,0,0,0,0,0,0,0,0
"358","Jasper","0_4",1908,1818,1532,1859,1908,1723,1628,1908,90,376,49,0,185,280,0,0,1,1,1,1,1,1,1
"359","Jasper","20",24329,23187,19538,23705,24329,21971,20754,24329,1142,4791,624,0,2358,3575,0,0,0,0,0,0,0,0,0
"360","Jasper","5_19",6457,5020,4232,5127,5186,4758,4495,5192,1437,2225,1330,1271,1699,1962,1265,0,0,0,0,0,0,0,0
"361","Jeff Davis","0_4",31,30,25,30,31,28,27,31,1,6,1,0,3,4,0,0,0,0,0,0,0,0,0
"362","Jeff Davis","20",1757,1678,1415,1712,1757,1590,1502,1757,79,342,45,0,167,255,0,0,0,0,0,0,0,0,0
"363","Jeff Davis","5_19",68,54,46,56,56,51,48,56,14,22,12,12,17,20,12,0,0,0,0,0,0,0,0
"364","Jefferson","0_4",16250,15950,13513,15833,16250,15138,14325,16250,300,2737,417,0,1112,1925,0,0,8,7,8,9,8,8,9
"365","Jefferson","20",183865,180474,152894,179149,183865,171281,162088,183865,3391,30971,4716,0,12584,21777,0,0,0,0,0,0,0,0,0
"366","Jefferson","5_19",51381,41352,35033,41052,42125,39246,37140,42125,10029,16348,10329,9256,12135,14241,9256,0,0,0,0,0,0,0,0
"367","Jim Hogg","0_4",311,304,257,303,311,288,273,311,7,54,8,0,23,38,0,0,0,0,0,0,0,0,0
"368","Jim Hogg","20",3202,3126,2646,3120,3202,2966,2806,3202,76,556,82,0,236,396,0,0,0,0,0,0,0,0,0
"369","Jim Hogg","5_19",1207,933,790,931,950,885,838,945,274,417,276,257,322,369,262,0,0,0,0,0,0,0,0
"370","Jim Wells","0_4",2535,2503,2122,2470,2535,2376,2249,2535,32,413,65,0,159,286,0,0,1,1,1,1,1,1,1
"371","Jim Wells","20",27145,26799,22728,26449,27145,25442,24085,27145,346,4417,696,0,1703,3060,0,0,0,0,0,0,0,0,0
"372","Jim Wells","5_19",8982,7211,6116,7120,7301,6846,6481,7301,1771,2866,1862,1681,2136,2501,1681,0,0,0,0,0,0,0,0
"373","Johnson","0_4",12855,12363,10435,12525,12855,11721,11078,12855,492,2420,330,0,1134,1777,0,0,7,6,7,7,6,6,7
"374","Johnson","20",145711,140138,118281,141974,145711,132852,125566,145711,5573,27430,3737,0,12859,20145,0,0,0,0,0,0,0,0,0
"375","Johnson","5_19",44340,34720,29308,35175,35722,32916,31112,36001,9620,15032,9165,8618,11424,13228,8339,0,0,0,0,0,0,0,0
"376","Jones","0_4",813,801,679,792,813,760,719,813,12,134,21,0,53,94,0,0,0,0,0,0,0,0,0
"377","Jones","20",16481,16232,13760,16058,16481,15408,14584,16481,249,2721,423,0,1073,1897,0,0,0,0,0,0,0,0,0
"378","Jones","5_19",3087,2402,2036,2377,2437,2280,2158,2437,685,1051,710,650,807,929,650,0,0,0,0,0,0,0,0
"379","Karnes","0_4",758,749,635,739,758,711,673,758,9,123,19,0,47,85,0,0,0,0,0,0,0,0,0
"380","Karnes","20",11663,11527,9778,11364,11663,10944,10361,11663,136,1885,299,0,719,1302,0,0,0,0,0,0,0,0,0
"381","Karnes","5_19",2597,2027,1719,1999,2045,1924,1822,2048,570,878,598,552,673,775,549,0,0,0,0,0,0,0,0
"382","Kaufman","0_4",13619,13251,11208,13270,13619,12570,11889,13619,368,2411,349,0,1049,1730,0,0,7,6,7,7,7,6,7
"383","Kaufman","20",127478,124030,104908,124208,127478,117656,111282,127478,3448,22570,3270,0,9822,16196,0,0,0,0,0,0,0,0,0
"384","Kaufman","5_19",44593,35776,30262,35831,36652,33938,32100,36756,8817,14331,8762,7941,10655,12493,7837,0,0,0,0,0,0,0,0
"385","Kendall","0_4",2384,2260,1902,2323,2325,2140,2021,2379,124,482,61,59,244,363,5,0,1,1,1,1,1,1,1
"386","Kendall","20",38241,36245,30509,37260,37267,34333,32421,38157,1996,7732,981,974,3908,5820,84,0,0,0,0,0,0,0,0
"387","Kendall","5_19",9912,7570,6375,7779,7870,7172,6773,7905,2342,3537,2133,2042,2740,3139,2007,0,0,0,0,0,0,0,0
"388","Kenedy","0_4",10,10,8,10,10,9,9,10,0,2,0,0,1,1,0,0,0,0,0,0,0,0,0
"389","Kenedy","20",281,278,236,274,281,264,250,281,3,45,7,0,17,31,0,0,0,0,0,0,0,0,0
"390","Kenedy","5_19",52,38,33,38,39,36,35,39,14,19,14,13,16,17,13,0,0,0,0,0,0,0,0
"391","Kent","0_4",43,40,34,42,42,38,36,42,3,9,1,1,5,7,1,0,0,0,0,0,0,0,0
"392","Kent","20",546,511,430,532,532,484,457,539,35,116,14,14,62,89,7,0,0,0,0,0,0,0,0
"393","Kent","5_19",145,94,79,98,98,89,84,97,51,66,47,47,56,61,48,0,0,0,0,0,0,0,0
"394","Kerr","0_4",2453,2356,1988,2390,2453,2233,2111,2453,97,465,63,0,220,342,0,0,1,1,1,1,1,1,1
"395","Kerr","20",42717,41029,34621,41621,42717,38893,36757,42717,1688,8096,1096,0,3824,5960,0,0,0,0,0,0,0,0,0
"396","Kerr","5_19",8745,6557,5533,6652,6742,6215,5874,6798,2188,3212,2093,2003,2530,2871,1947,0,0,0,0,0,0,0,0
"397","Kimble","0_4",228,224,190,222,228,212,201,228,4,38,6,0,16,27,0,0,0,0,0,0,0,0,0
"398","Kimble","20",3546,3481,2949,3455,3546,3304,3127,3546,65,597,91,0,242,419,0,0,0,0,0,0,0,0,0
"399","Kimble","5_19",668,529,448,525,538,502,475,539,139,220,143,130,166,193,129,0,0,0,0,0,0,0,0
"400","King","0_4",10,9,8,10,10,9,8,10,1,2,0,0,1,2,0,0,0,0,0,0,0,0,0
"401","King","20",165,152,127,161,161,143,135,160,13,38,4,4,22,30,5,0,0,0,0,0,0,0,0
"402","King","5_19",42,34,28,36,37,32,30,35,8,14,6,5,10,12,7,0,0,0,0,0,0,0,0
"403","Kinney","0_4",138,136,115,134,138,129,122,138,2,23,4,0,9,16,0,0,0,0,0,0,0,0,0
"404","Kinney","20",2503,2463,2088,2439,2503,2338,2213,2503,40,415,64,0,165,290,0,0,0,0,0,0,0,0,0
"405","Kinney","5_19",507,371,315,368,376,353,334,377,136,192,139,131,154,173,130,0,0,0,0,0,0,0,0
"406","Kleberg","0_4",1915,1891,1604,1866,1915,1795,1700,1915,24,311,49,0,120,215,0,0,1,1,1,1,1,1,1
"407","Kleberg","20",21304,21039,17844,20758,21304,19974,18909,21304,265,3460,546,0,1330,2395,0,0,0,0,0,0,0,0,0
"408","Kleberg","5_19",6850,4810,4080,4747,4869,4567,4323,4869,2040,2770,2103,1981,2283,2527,1981,0,0,0,0,0,0,0,0
"409","Knox","0_4",208,205,174,203,208,195,185,208,3,34,5,0,13,23,0,0,0,0,0,0,0,0,0
"410","Knox","20",2329,2301,1952,2269,2329,2184,2068,2329,28,377,60,0,145,261,0,0,0,0,0,0,0,0,0
"411","Knox","5_19",765,633,537,624,638,601,569,639,132,228,141,127,164,196,126,0,0,0,0,0,0,0,0
"412","La Salle","0_4",331,330,280,323,331,313,297,331,1,51,8,0,18,34,0,0,0,0,0,0,0,0,0
"413","La Salle","20",5124,5108,4340,4993,5124,4852,4596,5124,16,784,131,0,272,528,0,0,0,0,0,0,0,0,0
"414","La Salle","5_19",1082,753,639,735,755,715,677,755,329,443,347,327,367,405,327,0,0,0,0,0,0,0,0
"415","Lamar","0_4",3413,3346,2834,3325,3413,3175,3005,3413,67,579,88,0,238,408,0,0,2,2,2,2,2,2,2
"416","Lamar","20",37336,36604,31003,36378,37336,34737,32870,37336,732,6333,958,0,2599,4466,0,0,0,0,0,0,0,0,0
"417","Lamar","5_19",10378,8323,7050,8273,8490,7899,7474,8490,2055,3328,2105,1888,2479,2904,1888,0,0,0,0,0,0,0,0
"418","Lamb","0_4",816,808,685,795,816,767,726,816,8,131,21,0,49,90,0,0,0,0,0,0,0,0,0
"419","Lamb","20",8906,8816,7481,8678,8906,8371,7926,8906,90,1425,228,0,535,980,0,0,0,0,0,0,0,0,0
"420","Lamb","5_19",2989,2391,2029,2355,2414,2271,2150,2414,598,960,634,575,718,839,575,0,0,0,0,0,0,0,0
"421","Lampasas","0_4",1120,1068,900,1091,1120,1012,956,1120,52,220,29,0,108,164,0,0,1,0,1,1,1,1,1
"422","Lampasas","20",17849,17012,14335,17391,17849,16120,15228,17849,837,3514,458,0,1729,2621,0,0,0,0,0,0,0,0,0
"423","Lampasas","5_19",4293,3323,2800,3400,3454,3148,2974,3457,970,1493,893,839,1145,1319,836,0,0,0,0,0,0,0,0
"424","Lavaca","0_4",1252,1220,1032,1220,1252,1158,1095,1252,32,220,32,0,94,157,0,0,1,1,1,1,1,1,1
"425","Lavaca","20",15278,14889,12597,14886,15278,14125,13361,15278,389,2681,392,0,1153,1917,0,0,0,0,0,0,0,0,0
"426","Lavaca","5_19",4041,3177,2689,3175,3233,3014,2851,3245,864,1352,866,808,1027,1190,796,0,0,0,0,0,0,0,0
"427","Lee","0_4",1015,995,843,989,1015,944,894,1015,20,172,26,0,71,121,0,0,1,0,1,1,1,0,1
"428","Lee","20",13953,13680,11587,13595,13953,12982,12285,13953,273,2366,358,0,971,1668,0,0,0,0,0,0,0,0,0
"429","Lee","5_19",3272,2502,2120,2488,2552,2375,2247,2552,770,1152,784,720,897,1025,720,0,0,0,0,0,0,0,0
"430","Leon","0_4",957,937,794,932,957,890,842,957,20,163,25,0,67,115,0,0,0,0,0,1,0,0,1
"431","Leon","20",12388,12134,10276,12070,12388,11515,10895,12388,254,2112,318,0,873,1493,0,0,0,0,0,0,0,0,0
"432","Leon","5_19",3193,2576,2182,2562,2613,2445,2314,2625,617,1011,631,580,748,879,568,0,0,0,0,0,0,0,0
"433","Liberty","0_4",8129,8003,6783,7920,8129,7596,7190,8129,126,1346,209,0,533,939,0,0,4,3,4,4,4,4,4
"434","Liberty","20",72416,71291,60429,70559,72416,67670,64050,72416,1125,11987,1857,0,4746,8366,0,0,0,0,0,0,0,0,0
"435","Liberty","5_19",27727,22640,19192,22412,22990,21491,20341,22990,5087,8535,5315,4737,6236,7386,4737,0,0,0,0,0,0,0,0
"436","Limestone","0_4",1255,1236,1048,1223,1255,1173,1110,1255,19,207,32,0,82,145,0,0,1,1,1,1,1,1,1
"437","Limestone","20",16747,16493,13981,16317,16747,15656,14818,16747,254,2766,430,0,1091,1929,0,0,0,0,0,0,0,0,0
"438","Limestone","5_19",4248,3410,2891,3373,3446,3237,3064,3454,838,1357,875,802,1011,1184,794,0,0,0,0,0,0,0,0
"439","Lipscomb","0_4",173,168,142,169,173,159,151,173,5,31,4,0,14,22,0,0,0,0,0,0,0,0,0
"440","Lipscomb","20",2099,2038,1723,2045,2099,1933,1828,2099,61,376,54,0,166,271,0,0,0,0,0,0,0,0,0
"441","Lipscomb","5_19",634,489,414,490,498,464,439,499,145,220,144,136,170,195,135,0,0,0,0,0,0,0,0
"442","Live Oak","0_4",541,533,452,527,541,506,479,541,8,89,14,0,35,62,0,0,0,0,0,0,0,0,0
"443","Live Oak","20",9198,9070,7691,8962,9198,8611,8151,9198,128,1507,236,0,587,1047,0,0,0,0,0,0,0,0,0
"444","Live Oak","5_19",1845,1495,1268,1478,1516,1420,1344,1516,350,577,367,329,425,501,329,0,0,0,0,0,0,0,0
"445","Llano","0_4",984,949,802,959,984,900,851,984,35,182,25,0,84,133,0,0,1,0,1,1,0,0,1
"446","Llano","20",18992,18321,15472,18505,18992,17371,16422,18992,671,3520,487,0,1621,2570,0,0,0,0,0,0,0,0,0
"447","Llano","5_19",2899,2269,1916,2291,2334,2151,2034,2337,630,983,608,565,748,865,562,0,0,0,0,0,0,0,0
"448","Lubbock","0_4",19829,19324,16349,19320,19829,18332,17341,19829,505,3480,509,0,1497,2488,0,0,10,9,11,11,10,9,11
"449","Lubbock","20",232217,226297,191465,226261,232217,214687,203076,232217,5920,40752,5956,0,17530,29141,0,0,0,0,0,0,0,0,0
"450","Lubbock","5_19",68894,49525,41906,49519,50569,46985,44446,50688,19369,26988,19375,18325,21909,24448,18206,0,0,0,0,0,0,0,0
"451","Lynn","0_4",381,367,310,371,381,348,329,381,14,71,10,0,33,52,0,0,0,0,0,0,0,0,0
"452","Lynn","20",4011,3860,3259,3908,4011,3660,3459,4011,151,752,103,0,351,552,0,0,0,0,0,0,0,0,0
"453","Lynn","5_19",1369,1100,929,1113,1131,1043,986,1135,269,440,256,238,326,383,234,0,0,0,0,0,0,0,0
"454","Madison","0_4",920,912,774,896,920,866,820,920,8,146,24,0,54,100,0,0,1,0,0,1,0,0,1
"455","Madison","20",10314,10222,8675,10049,10314,9706,9190,10314,92,1639,265,0,608,1124,0,0,0,0,0,0,0,0,0
"456","Madison","5_19",2508,1964,1667,1933,1982,1865,1766,1982,544,841,575,526,643,742,526,0,0,0,0,0,0,0,0
"457","Marion","0_4",411,406,344,400,411,386,365,411,5,67,11,0,25,46,0,0,0,0,0,0,0,0,0
"458","Marion","20",7667,7576,6426,7470,7667,7193,6810,7667,91,1241,197,0,474,857,0,0,0,0,0,0,0,0,0
"459","Marion","5_19",1493,1194,1013,1178,1207,1133,1073,1207,299,480,315,286,360,420,286,0,0,0,0,0,0,0,0
"460","Martin","0_4",350,337,284,341,350,319,302,350,13,66,9,0,31,48,0,0,0,0,0,0,0,0,0
"461","Martin","20",3423,3293,2780,3335,3423,3122,2951,3423,130,643,88,0,301,472,0,0,0,0,0,0,0,0,0
"462","Martin","5_19",1443,1158,978,1176,1202,1098,1038,1196,285,465,267,241,345,405,247,0,0,0,0,0,0,0,0
"463","Mason","0_4",165,158,133,161,165,149,141,165,7,32,4,0,16,24,0,0,0,0,0,0,0,0,0
"464","Mason","20",3113,2974,2507,3033,3113,2818,2662,3113,139,606,80,0,295,451,0,0,0,0,0,0,0,0,0
"465","Mason","5_19",653,490,413,500,506,465,439,507,163,240,153,147,188,214,146,0,0,0,0,0,0,0,0
"466","Matagorda","0_4",2636,2593,2198,2568,2636,2462,2330,2636,43,438,68,0,174,306,0,0,2,1,2,2,1,1,2
"467","Matagorda","20",26018,25597,21694,25351,26018,24296,22995,26018,421,4324,667,0,1722,3023,0,0,0,0,0,0,0,0,0
"468","Matagorda","5_19",7705,6221,5273,6162,6323,5905,5589,6323,1484,2432,1543,1382,1800,2116,1382,0,0,0,0,0,0,0,0
"469","Maverick","0_4",4886,4859,4127,4761,4886,4615,4371,4886,27,759,125,0,271,515,0,0,3,2,3,3,2,2,3
"470","Maverick","20",38090,37883,32170,37113,38090,35979,34074,38090,207,5920,977,0,2111,4016,0,0,0,0,0,0,0,0,0
"471","Maverick","5_19",14786,11867,10077,11621,11933,11270,10673,11933,2919,4709,3165,2853,3516,4113,2853,0,0,0,0,0,0,0,0
"472","McCulloch","0_4",362,350,296,353,362,332,314,362,12,66,9,0,30,48,0,0,0,0,0,0,0,0,0
"473","McCulloch","20",5740,5554,4693,5593,5740,5267,4980,5740,186,1047,147,0,473,760,0,0,0,0,0,0,0,0,0
"474","McCulloch","5_19",1350,1069,904,1077,1096,1014,959,1102,281,446,273,254,336,391,248,0,0,0,0,0,0,0,0
"475","McLennan","0_4",17117,16777,14210,16678,17117,15921,15066,17117,340,2907,439,0,1196,2051,0,0,9,8,9,10,9,8,10
"476","McLennan","20",193354,189516,160513,188395,193354,179848,170181,193354,3838,32841,4959,0,13506,23173,0,0,0,0,0,0,0,0,0
"477","McLennan","5_19",58112,42404,35916,42159,43256,40241,38078,43256,15708,22196,15953,14856,17871,20034,14856,0,0,0,0,0,0,0,0
"478","McMullen","0_4",27,26,22,26,27,25,23,27,1,5,1,0,2,4,0,0,0,0,0,0,0,0,0
"479","McMullen","20",428,413,349,417,428,391,370,428,15,79,11,0,37,58,0,0,0,0,0,0,0,0,0
"480","McMullen","5_19",113,74,63,75,76,70,66,77,39,50,38,37,43,47,36,0,0,0,0,0,0,0,0
"481","Medina","0_4",3043,2993,2536,2965,3043,2840,2688,3043,50,507,78,0,203,355,0,0,2,1,2,2,1,1,2
"482","Medina","20",40955,40276,34133,39905,40955,38228,36180,40955,679,6822,1050,0,2727,4775,0,0,0,0,0,0,0,0,0
"483","Medina","5_19",10799,8389,7110,8313,8527,7963,7536,8527,2410,3689,2486,2272,2836,3263,2272,0,0,0,0,0,0,0,0
"484","Menard","0_4",84,83,70,82,84,79,75,84,1,14,2,0,5,9,0,0,0,0,0,0,0,0,0
"485","Menard","20",1555,1537,1304,1515,1555,1459,1381,1555,18,251,40,0,96,174,0,0,0,0,0,0,0,0,0
"486","Menard","5_19",319,254,215,250,256,241,228,256,65,104,69,63,78,91,63,0,0,0,0,0,0,0,0
"487","Midland","0_4",14732,14420,12210,14354,14732,13683,12946,14732,312,2522,378,0,1049,1786,0,0,8,7,8,8,7,7,8
"488","Midland","20",120913,118350,100213,117812,120913,112304,106258,120913,2563,20700,3101,0,8609,14655,0,0,0,0,0,0,0,0,0
"489","Midland","5_19",41463,33920,28720,33761,34658,32186,30453,34658,7543,12743,7702,6805,9277,11010,6805,0,0,0,0,0,0,0,0
"490","Milam","0_4",1468,1437,1217,1430,1468,1363,1290,1468,31,251,38,0,105,178,0,0,1,1,1,1,1,1,1
"491","Milam","20",19439,19026,16110,18940,19439,18054,17082,19439,413,3329,499,0,1385,2357,0,0,0,0,0,0,0,0,0
"492","Milam","5_19",5044,3973,3365,3957,4056,3770,3568,4056,1071,1679,1087,988,1274,1476,988,0,0,0,0,0,0,0,0
"493","Mills","0_4",203,198,167,198,203,187,177,203,5,36,5,0,16,26,0,0,0,0,0,0,0,0,0
"494","Mills","20",3538,3442,2912,3447,3538,3266,3089,3538,96,626,91,0,272,449,0,0,0,0,0,0,0,0,0
"495","Mills","5_19",807,640,541,641,651,607,574,654,167,266,166,156,200,233,153,0,0,0,0,0,0,0,0
"496","Mitchell","0_4",409,403,341,399,409,382,362,409,6,68,10,0,27,47,0,0,0,0,0,0,0,0,0
"497","Mitchell","20",7045,6937,5880,6864,7045,6584,6232,7045,108,1165,181,0,461,813,0,0,0,0,0,0,0,0,0
"498","Mitchell","5_19",1621,1275,1080,1262,1289,1210,1145,1293,346,541,359,332,411,476,328,0,0,0,0,0,0,0,0
"499","Montague","0_4",1150,1076,903,1121,1122,1018,961,1133,74,247,29,28,132,189,17,0,1,0,1,1,0,0,1
"500","Montague","20",16258,15210,12771,15841,15844,14397,13584,16023,1048,3487,417,414,1861,2674,235,0,0,0,0,0,0,0,0
"501","Montague","5_19",4190,3237,2720,3364,3390,3064,2892,3371,953,1470,826,800,1126,1298,819,0,0,0,0,0,0,0,0
"502","Montgomery","0_4",44855,43266,36538,43705,44855,41024,38781,44855,1589,8317,1150,0,3831,6074,0,0,23,20,23,23,22,21,24
"503","Montgomery","20",510814,492723,416101,497712,510814,467182,441641,510814,18091,94713,13102,0,43632,69173,0,0,0,0,0,0,0,0,0
"504","Montgomery","5_19",155685,123120,103985,124377,126649,116742,110363,127409,32565,51700,31308,29036,38943,45322,28276,0,0,0,0,0,0,0,0
"505","Moore","0_4",1964,1944,1650,1914,1964,1846,1748,1964,20,314,50,0,118,216,0,0,1,1,1,1,1,1,1
"506","Moore","20",13861,13721,11642,13505,13861,13028,12335,13861,140,2219,356,0,833,1526,0,0,0,0,0,0,0,0,0
"507","Moore","5_19",5365,4348,3689,4280,4393,4128,3909,4393,1017,1676,1085,972,1237,1456,972,0,0,0,0,0,0,0,0
"508","Morris","0_4",640,632,536,624,640,600,568,640,8,104,16,0,40,72,0,0,0,0,0,0,0,0,0
"509","Morris","20",9059,8942,7583,8827,9059,8489,8036,9059,117,1476,232,0,570,1023,0,0,0,0,0,0,0,0,0
"510","Morris","5_19",2367,1907,1618,1883,1931,1811,1714,1931,460,749,484,436,556,653,436,0,0,0,0,0,0,0,0
"511","Motley","0_4",54,51,43,53,54,49,46,54,3,11,1,0,5,8,0,0,0,0,0,0,0,0,0
"512","Motley","20",798,760,640,778,798,720,680,798,38,158,20,0,78,118,0,0,0,0,0,0,0,0,0
"513","Motley","5_19",168,119,101,122,123,113,107,122,49,67,46,45,55,61,46,0,0,0,0,0,0,0,0
"514","Nacogdoches","0_4",4145,4070,3448,4039,4145,3863,3656,4145,75,697,106,0,282,489,0,0,2,2,2,2,2,2,2
"515","Nacogdoches","20",46381,45543,38586,45191,46381,43224,40905,46381,838,7795,1190,0,3157,5476,0,0,0,0,0,0,0,0,0
"516","Nacogdoches","5_19",14849,10111,8567,10035,10294,9596,9081,10294,4738,6282,4814,4555,5253,5768,4555,0,0,0,0,0,0,0,0
"517","Navarro","0_4",3720,3662,3104,3625,3720,3476,3290,3720,58,616,95,0,244,430,0,0,2,2,2,2,2,2,2
"518","Navarro","20",38994,38382,32533,37994,38994,36432,34483,38994,612,6461,1000,0,2562,4511,0,0,0,0,0,0,0,0,0
"519","Navarro","5_19",12921,10134,8590,10032,10292,9619,9105,10292,2787,4331,2889,2629,3302,3816,2629,0,0,0,0,0,0,0,0
"520","Newton","0_4",591,564,475,576,591,534,505,591,27,116,15,0,57,86,0,0,0,0,0,0,0,0,0
"521","Newton","20",9444,9011,7594,9202,9444,8538,8066,9444,433,1850,242,0,906,1378,0,0,0,0,0,0,0,0,0
"522","Newton","5_19",2004,1565,1320,1595,1613,1484,1402,1616,439,684,409,391,520,602,388,0,0,0,0,0,0,0,0
"523","Nolan","0_4",889,874,741,866,889,829,785,889,15,148,23,0,60,104,0,0,0,0,0,0,0,0,0
"524","Nolan","20",10327,10151,8602,10062,10327,9635,9119,10327,176,1725,265,0,692,1208,0,0,0,0,0,0,0,0,0
"525","Nolan","5_19",3090,2412,2044,2391,2441,2290,2167,2446,678,1046,699,649,800,923,644,0,0,0,0,0,0,0,0
"526","Nueces","0_4",21586,21268,18030,21032,21586,20188,19109,21586,318,3556,554,0,1398,2477,0,0,12,10,11,12,11,10,12
"527","Nueces","20",259391,255565,216656,252738,259391,242595,229626,259391,3826,42735,6653,0,16796,29765,0,0,0,0,0,0,0,0,0
"528","Nueces","5_19",71312,55787,47296,55186,56608,52957,50126,56608,15525,24016,16126,14704,18355,21186,14704,0,0,0,0,0,0,0,0
"529","Ochiltree","0_4",746,732,620,727,746,695,657,746,14,126,19,0,51,89,0,0,0,0,0,0,0,0,0
"530","Ochiltree","20",6461,6339,5370,6295,6461,6016,5693,6461,122,1091,166,0,445,768,0,0,0,0,0,0,0,0,0
"531","Ochiltree","5_19",2497,1943,1645,1930,1970,1844,1744,1979,554,852,567,527,653,753,518,0,0,0,0,0,0,0,0
"532","Oldham","0_4",82,77,65,80,80,73,69,81,5,17,2,2,9,13,1,0,0,0,0,0,0,0,0
"533","Oldham","20",1371,1291,1086,1336,1336,1223,1154,1360,80,285,35,35,148,217,11,0,0,0,0,0,0,0,0
"534","Oldham","5_19",330,257,217,267,269,244,230,268,73,113,63,61,86,100,62,0,0,0,0,0,0,0,0
"535","Orange","0_4",5556,5317,4484,5413,5556,5039,4761,5556,239,1072,143,0,517,795,0,0,3,2,3,3,3,3,3
"536","Orange","20",61899,59236,49951,60311,61899,56141,53046,61899,2663,11948,1588,0,5758,8853,0,0,0,0,0,0,0,0,0
"537","Orange","5_19",18267,14513,12240,14773,14970,13755,12998,15035,3754,6027,3494,3297,4512,5269,3232,0,0,0,0,0,0,0,0
"538","Palo Pinto","0_4",1780,1725,1458,1734,1780,1636,1547,1780,55,322,46,0,144,233,0,0,1,1,1,1,1,1,1
"539","Palo Pinto","20",22206,21515,18184,21636,22206,20404,19294,22206,691,4022,570,0,1802,2912,0,0,0,0,0,0,0,0,0
"540","Palo Pinto","5_19",5761,4566,3859,4592,4676,4330,4095,4703,1195,1902,1169,1085,1431,1666,1058,0,0,0,0,0,0,0,0
"541","Panola","0_4",1329,1294,1095,1295,1329,1228,1161,1329,35,234,34,0,101,168,0,0,1,1,1,1,1,1,1
"542","Panola","20",16955,16511,13968,16520,16955,15664,14816,16955,444,2987,435,0,1291,2139,0,0,0,0,0,0,0,0,0
"543","Panola","5_19",4554,3535,2991,3536,3591,3354,3172,3619,1019,1563,1018,963,1200,1382,935,0,0,0,0,0,0,0,0
"544","Parker","0_4",10164,9681,8156,9903,10164,9172,8664,10164,483,2008,261,0,992,1500,0,0,5,4,5,5,5,4,5
"545","Parker","20",127166,121117,102042,123904,127166,114759,108401,127166,6049,25124,3262,0,12407,18765,0,0,0,0,0,0,0,0,0
"546","Parker","5_19",36164,28467,23987,29117,29505,26974,25481,29628,7697,12177,7047,6659,9190,10683,6536,0,0,0,0,0,0,0,0
"547","Parmer","0_4",697,684,579,679,697,649,614,697,13,118,18,0,48,83,0,0,0,0,0,0,0,0,0
"548","Parmer","20",6660,6535,5536,6489,6660,6202,5869,6660,125,1124,171,0,458,791,0,0,0,0,0,0,0,0,0
"549","Parmer","5_19",2260,1790,1516,1778,1823,1699,1608,1823,470,744,482,437,561,652,437,0,0,0,0,0,0,0,0
"550","Pecos","0_4",920,891,753,896,920,845,799,920,29,167,24,0,75,121,0,0,0,0,1,1,0,0,0
"551","Pecos","20",10624,10285,8691,10352,10624,9754,9223,10624,339,1933,272,0,870,1401,0,0,0,0,0,0,0,0,0
"552","Pecos","5_19",3079,2423,2049,2435,2479,2299,2174,2458,656,1030,644,600,780,905,621,0,0,0,0,0,0,0,0
"553","Polk","0_4",2734,2686,2276,2664,2734,2550,2413,2734,48,458,70,0,184,321,0,0,1,1,1,1,1,1,1
"554","Polk","20",42092,41357,35043,41012,42092,39253,37148,42092,735,7049,1080,0,2839,4944,0,0,0,0,0,0,0,0,0
"555","Polk","5_19",9360,7603,6443,7539,7700,7216,6829,7723,1757,2917,1821,1660,2144,2531,1637,0,0,0,0,0,0,0,0
"556","Potter","0_4",7874,7716,6535,7672,7874,7323,6929,7874,158,1339,202,0,551,945,0,0,4,4,4,4,4,4,4
"557","Potter","20",81177,79551,67374,79095,81177,75492,71433,81177,1626,13803,2082,0,5685,9744,0,0,0,0,0,0,0,0,0
"558","Potter","5_19",25596,20474,17341,20362,20886,19430,18385,20886,5122,8255,5234,4710,6166,7211,4710,0,0,0,0,0,0,0,0
"559","Presidio","0_4",403,398,337,393,403,377,357,403,5,66,10,0,26,46,0,0,0,0,0,0,0,0,0
"560","Presidio","20",4060,4005,3396,3956,4060,3802,3599,4060,55,664,104,0,258,461,0,0,0,0,0,0,0,0,0
"561","Presidio","5_19",1332,1064,903,1050,1073,1010,956,1074,268,429,282,259,322,376,258,0,0,0,0,0,0,0,0
"562","Rains","0_4",626,595,501,610,626,563,532,626,31,125,16,0,63,94,0,0,0,0,0,0,0,0,0
"563","Rains","20",10184,9676,8148,9923,10184,9166,8657,10184,508,2036,261,0,1018,1527,0,0,0,0,0,0,0,0,0
"564","Rains","5_19",2176,1559,1313,1599,1620,1477,1395,1618,617,863,577,556,699,781,558,0,0,0,0,0,0,0,0
"565","Randall","0_4",8875,8567,7235,8647,8875,8123,7679,8875,308,1640,228,0,752,1196,0,0,5,4,5,5,5,4,5
"566","Randall","20",108664,104889,88589,105877,108664,99456,94022,108664,3775,20075,2787,0,9208,14642,0,0,0,0,0,0,0,0,0
"567","Randall","5_19",30716,23288,19671,23513,23943,22082,20877,24073,7428,11045,7203,6773,8634,9839,6643,0,0,0,0,0,0,0,0
"568","Reagan","0_4",235,234,199,229,235,223,211,235,1,36,6,0,12,24,0,0,0,0,0,0,0,0,0
"569","Reagan","20",2166,2161,1836,2110,2166,2053,1944,2166,5,330,56,0,113,222,0,0,0,0,0,0,0,0,0
"570","Reagan","5_19",740,599,509,585,600,569,539,600,141,231,155,140,171,201,140,0,0,0,0,0,0,0,0
"571","Red River","0_4",632,616,521,616,632,584,553,632,16,111,16,0,48,79,0,0,0,0,0,0,0,0,0
"572","Red River","20",9070,8841,7481,8837,9070,8388,7934,9070,229,1589,233,0,682,1136,0,0,0,0,0,0,0,0,0
"573","Red River","5_19",1976,1611,1364,1609,1639,1529,1446,1644,365,612,367,337,447,530,332,0,0,0,0,0,0,0,0
"574","Reeves","0_4",874,862,731,852,874,818,774,874,12,143,22,0,56,100,0,0,0,0,0,0,0,0,0
"575","Reeves","20",8186,8071,6843,7976,8186,7662,7252,8186,115,1343,210,0,524,934,0,0,0,0,0,0,0,0,0
"576","Reeves","5_19",2710,2188,1855,2163,2218,2077,1966,2218,522,855,547,492,633,744,492,0,0,0,0,0,0,0,0
"577","Refugio","0_4",290,282,238,283,290,267,253,290,8,52,7,0,23,37,0,0,0,0,0,0,0,0,0
"578","Refugio","20",5035,4891,4136,4906,5035,4639,4388,5035,144,899,129,0,396,647,0,0,0,0,0,0,0,0,0
"579","Refugio","5_19",1341,1043,882,1046,1070,989,935,1071,298,459,295,271,352,406,270,0,0,0,0,0,0,0,0
"580","Roberts","0_4",54,54,46,53,54,51,49,54,0,8,1,0,3,5,0,0,0,0,0,0,0,0,0
"581","Roberts","20",617,617,524,601,617,586,555,617,0,93,16,0,31,62,0,0,0,0,0,0,0,0,0
"582","Roberts","5_19",169,139,118,136,139,132,125,139,30,51,33,30,37,44,30,0,0,0,0,0,0,0,0
"583","Robertson","0_4",1099,1085,921,1071,1099,1030,975,1099,14,178,28,0,69,124,0,0,1,0,1,1,1,0,1
"584","Robertson","20",12743,12585,10674,12416,12743,11948,11311,12743,158,2069,327,0,795,1432,0,0,0,0,0,0,0,0,0
"585","Robertson","5_19",3425,2766,2346,2729,2800,2626,2486,2800,659,1079,696,625,799,939,625,0,0,0,0,0,0,0,0
"586","Rockwall","0_4",7887,7518,6335,7685,7887,7123,6729,7887,369,1552,202,0,764,1158,0,0,4,3,4,4,4,3,4
"587","Rockwall","20",93340,88969,74968,90946,93340,84302,79635,93340,4371,18372,2394,0,9038,13705,0,0,0,0,0,0,0,0,0
"588","Rockwall","5_19",30080,23539,19840,24053,24327,22306,21073,24482,6541,10240,6027,5753,7774,9007,5598,0,0,0,0,0,0,0,0
"589","Runnels","0_4",604,592,501,589,604,562,532,604,12,103,15,0,42,72,0,0,0,0,0,0,0,0,0
"590","Runnels","20",7314,7169,6072,7126,7314,6803,6437,7314,145,1242,188,0,511,877,0,0,0,0,0,0,0,0,0
"591","Runnels","5_19",1950,1558,1320,1549,1577,1478,1399,1586,392,630,401,373,472,551,364,0,0,0,0,0,0,0,0
"592","Rusk","0_4",2818,2753,2330,2746,2818,2612,2471,2818,65,488,72,0,206,347,0,0,1,1,1,1,1,1,1
"593","Rusk","20",39866,38946,32967,38843,39866,36953,34960,39866,920,6899,1023,0,2913,4906,0,0,0,0,0,0,0,0,0
"594","Rusk","5_19",10395,8270,7002,8244,8416,7847,7424,8437,2125,3393,2151,1979,2548,2971,1958,0,0,0,0,0,0,0,0
"595","Sabine","0_4",530,514,434,516,530,487,461,530,16,96,14,0,43,69,0,0,0,0,0,0,0,0,0
"596","Sabine","20",8123,7877,6659,7915,8123,7471,7065,8123,246,1464,208,0,652,1058,0,0,0,0,0,0,0,0,0
"597","Sabine","5_19",1453,1141,965,1147,1164,1082,1024,1172,312,488,306,289,371,429,281,0,0,0,0,0,0,0,0
"598","San Augustine","0_4",415,402,339,404,415,381,360,415,13,76,11,0,34,55,0,0,0,0,0,0,0,0,0
"599","San Augustine","20",6099,5904,4989,5943,6099,5599,5294,6099,195,1110,156,0,500,805,0,0,0,0,0,0,0,0,0
"600","San Augustine","5_19",1319,1061,897,1069,1086,1007,952,1091,258,422,250,233,312,367,228,0,0,0,0,0,0,0,0
"601","San Jacinto","0_4",1491,1455,1231,1453,1491,1380,1306,1491,36,260,38,0,111,185,0,0,1,1,1,1,1,1,1
"602","San Jacinto","20",22161,21626,18302,21593,22161,20518,19410,22161,535,3859,568,0,1643,2751,0,0,0,0,0,0,0,0,0
"603","San Jacinto","5_19",5284,4189,3545,4183,4280,3974,3760,4289,1095,1739,1101,1004,1310,1524,995,0,0,0,0,0,0,0,0
"604","San Patricio","0_4",4640,4577,3881,4521,4640,4345,4113,4640,63,759,119,0,295,527,0,0,2,2,2,2,2,2,2
"605","San Patricio","20",50652,49964,42366,49353,50652,47431,44899,50652,688,8286,1299,0,3221,5753,0,0,0,0,0,0,0,0,0
"606","San Patricio","5_19",15368,12256,10393,12109,12424,11635,11014,12424,3112,4975,3259,2944,3733,4354,2944,0,0,0,0,0,0,0,0
"607","San Saba","0_4",263,257,217,256,263,243,230,263,6,46,7,0,20,33,0,0,0,0,0,0,0,0,0
"608","San Saba","20",4607,4495,3804,4489,4607,4264,4034,4607,112,803,118,0,343,573,0,0,0,0,0,0,0,0,0
"609","San Saba","5_19",975,765,647,764,782,725,686,784,210,328,211,193,250,289,191,0,0,0,0,0,0,0,0
"610","Schleicher","0_4",152,152,129,148,152,144,137,152,0,23,4,0,8,15,0,0,0,0,0,0,0,0,0
"611","Schleicher","20",1753,1753,1490,1708,1753,1665,1578,1753,0,263,45,0,88,175,0,0,0,0,0,0,0,0,0
"612","Schleicher","5_19",486,353,300,345,353,335,318,353,133,186,141,133,151,168,133,0,0,0,0,0,0,0,0
"613","Scurry","0_4",1033,1023,868,1007,1033,971,919,1033,10,165,26,0,62,114,0,0,1,0,1,1,1,0,1
"614","Scurry","20",11489,11373,9650,11194,11489,10799,10224,11489,116,1839,295,0,690,1265,0,0,0,0,0,0,0,0,0
"615","Scurry","5_19",3690,2893,2455,2848,2922,2747,2601,2922,797,1235,842,768,943,1089,768,0,0,0,0,0,0,0,0
"616","Shackelford","0_4",177,166,139,172,173,157,148,174,11,38,5,4,20,29,3,0,0,0,0,0,0,0,0
"617","Shackelford","20",2407,2251,1890,2345,2346,2131,2011,2372,156,517,62,61,276,396,35,0,0,0,0,0,0,0,0
"618","Shackelford","5_19",645,475,399,495,502,450,424,495,170,246,150,143,195,221,150,0,0,0,0,0,0,0,0
"619","Shelby","0_4",1709,1675,1418,1665,1709,1589,1504,1709,34,291,44,0,120,205,0,0,1,1,1,1,1,1,1
"620","Shelby","20",17212,16865,14283,16771,17212,16004,15144,17212,347,2929,441,0,1208,2068,0,0,0,0,0,0,0,0,0
"621","Shelby","5_19",5258,4204,3561,4180,4272,3989,3775,4283,1054,1697,1078,986,1269,1483,975,0,0,0,0,0,0,0,0
"622","Sherman","0_4",194,189,160,189,194,179,170,194,5,34,5,0,15,24,0,0,0,0,0,0,0,0,0
"623","Sherman","20",1872,1824,1543,1824,1872,1730,1637,1872,48,329,48,0,142,235,0,0,0,0,0,0,0,0,0
"624","Sherman","5_19",612,474,402,474,485,450,426,482,138,210,138,127,162,186,130,0,0,0,0,0,0,0,0
"625","Smith","0_4",15134,14633,12363,14746,15134,13876,13120,15134,501,2771,388,0,1258,2014,0,0,8,7,8,8,7,7,8
"626","Smith","20",179320,173385,146487,174721,179320,164419,155453,179320,5935,32833,4599,0,14901,23867,0,0,0,0,0,0,0,0,0
"627","Smith","5_19",50755,38980,32934,39279,39891,36965,34949,40170,11775,17821,11476,10864,13790,15806,10585,0,0,0,0,0,0,0,0
"628","Somervell","0_4",506,483,407,493,506,458,432,506,23,99,13,0,48,74,0,0,0,0,0,0,0,0,0
"629","Somervell","20",7552,7209,6077,7358,7552,6832,6454,7552,343,1475,194,0,720,1098,0,0,0,0,0,0,0,0,0
"630","Somervell","5_19",1830,1428,1204,1457,1474,1353,1278,1484,402,626,373,356,477,552,346,0,0,0,0,0,0,0,0
"631","Starr","0_4",5542,5522,4690,5400,5542,5245,4967,5542,20,852,142,0,297,575,0,0,3,2,3,3,3,3,3
"632","Starr","20",42464,42308,35939,41375,42464,40185,38062,42464,156,6525,1089,0,2279,4402,0,0,0,0,0,0,0,0,0
"633","Starr","5_19",17928,14566,12373,14242,14619,13835,13104,14619,3362,5555,3686,3309,4093,4824,3309,0,0,0,0,0,0,0,0
"634","Stephens","0_4",475,452,381,463,475,428,404,475,23,94,12,0,47,71,0,0,0,0,0,0,0,0,0
"635","Stephens","20",7153,6804,5731,6970,7153,6446,6089,7153,349,1422,183,0,707,1064,0,0,0,0,0,0,0,0,0
"636","Stephens","5_19",1715,1255,1058,1284,1298,1190,1124,1295,460,657,431,417,525,591,420,0,0,0,0,0,0,0,0
"637","Sterling","0_4",136,129,108,133,133,122,115,135,7,28,3,3,14,21,1,0,0,0,0,0,0,0,0
"638","Sterling","20",939,888,747,915,915,841,794,935,51,192,24,24,98,145,4,0,0,0,0,0,0,0,0
"639","Sterling","5_19",322,241,202,249,252,228,215,247,81,120,73,70,94,107,75,0,0,0,0,0,0,0,0
"640","Sutton","0_4",179,175,148,174,179,166,157,179,4,31,5,0,13,22,0,0,0,0,0,0,0,0,0
"641","Sutton","20",2369,2314,1959,2308,2369,2196,2077,2369,55,410,61,0,173,292,0,0,0,0,0,0,0,0,0
"642","Sutton","5_19",673,534,452,532,546,506,479,546,139,221,141,127,167,194,127,0,0,0,0,0,0,0,0
"643","Swisher","0_4",398,390,331,388,398,370,350,398,8,67,10,0,28,48,0,0,0,0,0,0,0,0,0
"644","Swisher","20",5101,5002,4237,4970,5101,4747,4492,5101,99,864,131,0,354,609,0,0,0,0,0,0,0,0,0
"645","Swisher","5_19",1456,1131,959,1124,1151,1074,1016,1151,325,497,332,305,382,440,305,0,0,0,0,0,0,0,0
"646","Tarrant","0_4",138082,133543,112830,134540,138082,126638,119734,138082,4539,25252,3542,0,11444,18348,0,0,69,58,71,72,66,62,73
"647","Tarrant","20",1575654,1523854,1287506,1535240,1575654,1445072,1366289,1575654,51800,288148,40414,0,130582,209365,0,0,0,0,0,0,0,0,0
"648","Tarrant","5_19",469211,364067,307645,366761,374501,345260,326452,375151,105144,161566,102450,94710,123951,142759,94060,0,0,0,0,0,0,0,0
"649","Taylor","0_4",9827,9629,8155,9575,9827,9138,8646,9827,198,1672,252,0,689,1181,0,0,5,4,5,5,5,5,5
"650","Taylor","20",105265,103143,87353,102565,105265,97880,92617,105265,2122,17912,2700,0,7385,12648,0,0,0,0,0,0,0,0,0
"651","Taylor","5_19",31744,23620,20004,23488,24108,22415,21209,24108,8124,11740,8256,7636,9329,10535,7636,0,0,0,0,0,0,0,0
"652","Terrell","0_4",26,26,22,25,26,25,23,26,0,4,1,0,1,3,0,0,0,0,0,0,0,0,0
"653","Terrell","20",540,540,459,526,540,513,486,540,0,81,14,0,27,54,0,0,0,0,0,0,0,0,0
"654","Terrell","5_19",121,97,82,95,97,92,87,97,24,39,26,24,29,34,24,0,0,0,0,0,0,0,0
"655","Terry","0_4",892,871,737,869,892,826,781,892,21,155,23,0,66,111,0,0,1,0,1,1,0,0,1
"656","Terry","20",7921,7730,6542,7718,7921,7334,6938,7921,191,1379,203,0,587,983,0,0,0,0,0,0,0,0,0
"657","Terry","5_19",2734,2170,1837,2167,2223,2059,1948,2223,564,897,567,511,675,786,511,0,0,0,0,0,0,0,0
"658","Throckmorton","0_4",102,95,80,99,99,90,85,100,7,22,3,3,12,17,2,0,0,0,0,0,0,0,0
"659","Throckmorton","20",1125,1046,878,1096,1096,990,934,1103,79,247,29,29,135,191,22,0,0,0,0,0,0,0,0
"660","Throckmorton","5_19",299,227,191,235,238,215,203,231,72,108,64,61,84,96,68,0,0,0,0,0,0,0,0
"661","Titus","0_4",2236,2204,1869,2179,2236,2092,1981,2236,32,367,57,0,144,255,0,0,1,1,1,1,1,1,1
"662","Titus","20",21700,21392,18137,21143,21700,20307,19222,21700,308,3563,557,0,1393,2478,0,0,0,0,0,0,0,0,0
"663","Titus","5_19",7421,5933,5030,5865,6015,5632,5331,6015,1488,2391,1556,1406,1789,2090,1406,0,0,0,0,0,0,0,0
"664","Tom Green","0_4",7381,7263,6156,7192,7381,6894,6525,7381,118,1225,189,0,487,856,0,0,4,3,4,4,4,4,4
"665","Tom Green","20",87245,85856,72769,85007,87245,81493,77131,87245,1389,14476,2238,0,5752,10114,0,0,0,0,0,0,0,0,0
"666","Tom Green","5_19",24431,18847,15974,18665,19148,17889,16932,19148,5584,8457,5766,5283,6542,7499,5283,0,0,0,0,0,0,0,0
"667","Travis","0_4",73426,70699,59685,71543,73426,67028,63356,73426,2727,13741,1883,0,6398,10070,0,0,38,31,40,40,36,34,40
"668","Travis","20",1038063,999508,843798,1011437,1038063,947604,895701,1038063,38555,194265,26626,0,90459,142362,0,0,0,0,0,0,0,0,0
"669","Travis","5_19",223472,168091,141914,170106,173725,159366,150640,173774,55381,81558,53366,49747,64106,72832,49698,0,0,0,0,0,0,0,0
"670","Trinity","0_4",702,682,577,684,702,647,612,702,20,125,18,0,55,90,0,0,0,0,0,0,0,0,0
"671","Trinity","20",11123,10806,9137,10838,11123,10250,9693,11123,317,1986,285,0,873,1430,0,0,0,0,0,0,0,0,0
"672","Trinity","5_19",2403,1887,1596,1892,1927,1790,1693,1934,516,807,511,476,613,710,469,0,0,0,0,0,0,0,0
"673","Tyler","0_4",974,938,792,949,974,889,841,974,36,182,25,0,85,133,0,0,1,0,1,1,0,0,1
"674","Tyler","20",16033,15441,13036,15622,16033,14639,13838,16033,592,2997,411,0,1394,2195,0,0,0,0,0,0,0,0,0
"675","Tyler","5_19",3375,2623,2216,2651,2700,2487,2352,2700,752,1159,724,675,888,1023,675,0,0,0,0,0,0,0,0
"676","Upshur","0_4",2534,2441,2061,2469,2534,2315,2188,2534,93,473,65,0,219,346,0,0,1,1,1,1,1,1,1
"677","Upshur","20",32032,30861,26056,31210,32032,29259,27658,32032,1171,5976,822,0,2773,4374,0,0,0,0,0,0,0,0,0
"678","Upshur","5_19",8715,6852,5786,6930,7056,6497,6142,7088,1863,2929,1785,1659,2218,2573,1627,0,0,0,0,0,0,0,0
"679","Upton","0_4",162,159,135,158,162,151,143,162,3,27,4,0,11,19,0,0,0,0,0,0,0,0,0
"680","Upton","20",2195,2158,1829,2139,2195,2048,1939,2195,37,366,56,0,147,256,0,0,0,0,0,0,0,0,0
"681","Upton","5_19",752,584,495,579,592,554,525,594,168,257,173,160,198,227,158,0,0,0,0,0,0,0,0
"682","Uvalde","0_4",1921,1890,1602,1872,1921,1794,1698,1921,31,319,49,0,127,223,0,0,1,1,1,1,1,1,1
"683","Uvalde","20",17494,17215,14590,17045,17494,16340,15465,17494,279,2904,449,0,1154,2029,0,0,0,0,0,0,0,0,0
"684","Uvalde","5_19",5545,4278,3626,4237,4347,4061,3843,4347,1267,1919,1308,1198,1484,1702,1198,0,0,0,0,0,0,0,0
"685","Val Verde","0_4",3803,3767,3196,3705,3803,3577,3387,3803,36,607,98,0,226,416,0,0,2,2,2,2,2,2,2
"686","Val Verde","20",32895,32582,27648,32051,32895,30937,29293,32895,313,5247,844,0,1958,3602,0,0,0,0,0,0,0,0,0
"687","Val Verde","5_19",11022,8779,7450,8634,8822,8336,7893,8846,2243,3572,2388,2200,2686,3129,2176,0,0,0,0,0,0,0,0
"688","Van Zandt","0_4",3558,3410,2876,3467,3558,3232,3054,3558,148,682,91,0,326,504,0,0,2,1,2,2,2,2,2
"689","Van Zandt","20",47936,45937,38747,46706,47936,43541,41144,47936,1999,9189,1230,0,4395,6792,0,0,0,0,0,0,0,0,0
"690","Van Zandt","5_19",12506,9767,8240,9929,10042,9258,8749,10132,2739,4266,2577,2464,3248,3757,2374,0,0,0,0,0,0,0,0
"691","Victoria","0_4",6076,5993,5081,5920,6076,5689,5385,6076,83,995,156,0,387,691,0,0,3,3,3,3,3,3,3
"692","Victoria","20",66355,65445,55492,64653,66355,62127,58809,66355,910,10863,1702,0,4228,7546,0,0,0,0,0,0,0,0,0
"693","Victoria","5_19",19233,15346,13012,15167,15558,14568,13790,15558,3887,6221,4066,3675,4665,5443,3675,0,0,0,0,0,0,0,0
"694","Walker","0_4",3266,3154,2665,3182,3266,2991,2828,3266,112,601,84,0,275,438,0,0,2,1,2,2,2,2,2
"695","Walker","20",65507,63269,53443,63827,65507,59994,56719,65507,2238,12064,1680,0,5513,8788,0,0,0,0,0,0,0,0,0
"696","Walker","5_19",12495,7720,6522,7787,7907,7321,6922,7952,4775,5973,4708,4588,5174,5573,4543,0,0,0,0,0,0,0,0
"697","Waller","0_4",3924,3856,3267,3823,3924,3659,3463,3924,68,657,101,0,265,461,0,0,2,2,2,2,2,2,2
"698","Waller","20",43518,42760,36233,42402,43518,40585,38409,43518,758,7285,1116,0,2933,5109,0,0,0,0,0,0,0,0,0
"699","Waller","5_19",16111,10124,8579,10040,10300,9609,9094,10300,5987,7532,6071,5811,6502,7017,5811,0,0,0,0,0,0,0,0
"700","Ward","0_4",850,832,705,828,850,790,747,850,18,145,22,0,60,103,0,0,0,0,0,0,0,0,0
"701","Ward","20",7525,7366,6237,7332,7525,6989,6613,7525,159,1288,193,0,536,912,0,0,0,0,0,0,0,0,0
"702","Ward","5_19",2591,2075,1757,2065,2109,1969,1863,2117,516,834,526,482,622,728,474,0,0,0,0,0,0,0,0
"703","Washington","0_4",1913,1872,1585,1864,1913,1777,1681,1913,41,328,49,0,136,232,0,0,1,1,1,1,1,1,1
"704","Washington","20",27263,26683,22594,26564,27263,25320,23957,27263,580,4669,699,0,1943,3306,0,0,0,0,0,0,0,0,0
"705","Washington","5_19",7831,5297,4486,5275,5410,5027,4756,5410,2534,3345,2556,2421,2804,3075,2421,0,0,0,0,0,0,0,0
"706","Webb","0_4",21405,21330,18119,20856,21405,20260,19190,21405,75,3286,549,0,1145,2215,0,0,12,10,11,12,11,11,12
"707","Webb","20",176835,176216,149691,172299,176835,167374,158533,176835,619,27144,4536,0,9461,18302,0,0,0,0,0,0,0,0,0
"708","Webb","5_19",70908,56806,48255,55556,57003,53955,51105,57003,14102,22653,15352,13905,16953,19803,13905,0,0,0,0,0,0,0,0
"709","Wharton","0_4",2851,2823,2396,2778,2851,2681,2538,2851,28,455,73,0,170,313,0,0,2,1,1,2,1,1,2
"710","Wharton","20",30008,29715,25214,29238,30008,28215,26715,30008,293,4794,770,0,1793,3293,0,0,0,0,0,0,0,0,0
"711","Wharton","5_19",8880,7034,5969,6922,7103,6679,6324,7103,1846,2911,1958,1777,2201,2556,1777,0,0,0,0,0,0,0,0
"712","Wheeler","0_4",273,264,223,266,273,251,237,273,9,50,7,0,22,36,0,0,0,0,0,0,0,0,0
"713","Wheeler","20",3483,3373,2851,3394,3483,3199,3025,3483,110,632,89,0,284,458,0,0,0,0,0,0,0,0,0
"714","Wheeler","5_19",1048,830,701,837,855,787,744,854,218,347,211,193,261,304,194,0,0,0,0,0,0,0,0
"715","Wichita","0_4",8106,7967,6752,7898,8106,7562,7157,8106,139,1354,208,0,544,949,0,0,5,4,4,5,4,4,5
"716","Wichita","20",95096,93471,79206,92657,95096,88716,83961,95096,1625,15890,2439,0,6380,11135,0,0,0,0,0,0,0,0,0
"717","Wichita","5_19",26978,19720,16711,19551,20060,18717,17714,20060,7258,10267,7427,6918,8261,9264,6918,0,0,0,0,0,0,0,0
"718","Wilbarger","0_4",754,748,635,735,754,710,672,754,6,119,19,0,44,82,0,0,0,0,0,0,0,0,0
"719","Wilbarger","20",9549,9469,8037,9304,9549,8992,8514,9549,80,1512,245,0,557,1035,0,0,0,0,0,0,0,0,0
"720","Wilbarger","5_19",2219,1677,1423,1648,1691,1593,1508,1691,542,796,571,528,626,711,528,0,0,0,0,0,0,0,0
"721","Willacy","0_4",1151,1148,975,1121,1151,1090,1033,1151,3,176,30,0,61,118,0,0,1,1,1,1,1,1,1
"722","Willacy","20",14674,14634,12433,14298,14674,13900,13166,14674,40,2241,376,0,774,1508,0,0,0,0,0,0,0,0,0
"723","Willacy","5_19",4212,3237,2751,3166,3246,3075,2913,3246,975,1461,1046,966,1137,1299,966,0,0,0,0,0,0,0,0
"724","Williamson","0_4",41800,40014,33744,40728,41800,37924,35834,41800,1786,8056,1072,0,3876,5966,0,0,22,19,22,23,21,20,23
"725","Williamson","20",516559,494493,417009,503310,516559,468665,442837,516559,22066,99550,13249,0,47894,73722,0,0,0,0,0,0,0,0,0
"726","Williamson","5_19",138832,109026,91943,110997,113870,103332,97638,113870,29806,46889,27835,24962,35500,41194,24962,0,0,0,0,0,0,0,0
"727","Wilson","0_4",2966,2911,2466,2890,2966,2762,2614,2966,55,500,76,0,204,352,0,0,2,1,2,2,2,1,2
"728","Wilson","20",40217,39465,33432,39185,40217,37454,35443,40217,752,6785,1032,0,2763,4774,0,0,0,0,0,0,0,0,0
"729","Wilson","5_19",11000,8835,7485,8777,9001,8385,7935,9001,2165,3515,2223,1999,2615,3065,1999,0,0,0,0,0,0,0,0
"730","Winkler","0_4",585,580,492,570,585,550,521,585,5,93,15,0,35,64,0,0,0,0,0,0,0,0,0
"731","Winkler","20",5068,5021,4261,4938,5068,4768,4514,5068,47,807,130,0,300,554,0,0,0,0,0,0,0,0,0
"732","Winkler","5_19",1761,1404,1192,1381,1417,1333,1263,1417,357,569,380,344,428,498,344,0,0,0,0,0,0,0,0
"733","Wise","0_4",4752,4524,3811,4630,4752,4287,4049,4752,228,941,122,0,465,703,0,0,2,2,2,2,2,2,2
"734","Wise","20",57108,54369,45803,55643,57108,51514,48658,57108,2739,11305,1465,0,5594,8450,0,0,0,0,0,0,0,0,0
"735","Wise","5_19",16237,12669,10676,12953,13126,12004,11340,13141,3568,5561,3284,3111,4233,4897,3096,0,0,0,0,0,0,0,0
"736","Wood","0_4",2099,2034,1720,2045,2099,1929,1824,2099,65,379,54,0,170,275,0,0,1,1,1,1,1,1,1
"737","Wood","20",37895,36728,31044,36923,37895,34833,32938,37895,1167,6851,972,0,3062,4957,0,0,0,0,0,0,0,0,0
"738","Wood","5_19",7927,6059,5122,6090,6200,5746,5434,6235,1868,2805,1837,1727,2181,2493,1692,0,0,0,0,0,0,0,0
"739","Yoakum","0_4",665,648,548,648,665,615,582,665,17,117,17,0,50,83,0,0,0,0,0,0,0,0,0
"740","Yoakum","20",4766,4644,3930,4644,4766,4406,4168,4766,122,836,122,0,360,598,0,0,0,0,0,0,0,0,0
"741","Yoakum","5_19",2037,1594,1349,1593,1622,1512,1431,1629,443,688,444,415,525,606,408,0,0,0,0,0,0,0,0
"742","Young","0_4",1067,1042,882,1040,1067,989,936,1067,25,185,27,0,78,131,0,0,1,0,1,1,1,1,1
"743","Young","20",13376,13066,11059,13033,13376,12397,11728,13376,310,2317,343,0,979,1648,0,0,0,0,0,0,0,0,0
"744","Young","5_19",3681,2925,2476,2920,2994,2775,2626,2994,756,1205,761,687,906,1055,687,0,0,0,0,0,0,0,0
"745","Zapata","0_4",971,969,823,946,971,920,871,971,2,148,25,0,51,100,0,0,1,0,1,1,1,0,1
"746","Zapata","20",8958,8935,7592,8728,8958,8487,8039,8958,23,1366,230,0,471,919,0,0,0,0,0,0,0,0,0
"747","Zapata","5_19",3807,3077,2614,3008,3084,2922,2768,3084,730,1193,799,723,885,1039,723,0,0,0,0,0,0,0,0
"748","Zavala","0_4",734,733,623,715,734,697,660,734,1,111,19,0,37,74,0,0,0,0,0,0,0,0,0
"749","Zavala","20",6263,6257,5317,6102,6263,5944,5630,6263,6,946,161,0,319,633,0,0,0,0,0,0,0,0,0
"750","Zavala","5_19",2315,1851,1573,1807,1853,1758,1666,1853,464,742,508,462,557,649,462,0,0,0,0,0,0,0,0
